0	:invoke	:broadcast	0
:nemesis	:info	:start-partition	:majority
:nemesis	:info	:start-partition	[:isolated {"n0" #{"n2" "n1" "n4"}, "n3" #{"n2" "n1" "n4"}, "n2" #{"n0" "n3"}, "n1" #{"n0" "n3"}, "n4" #{"n0" "n3"}}]
0	:ok	:broadcast	0
2	:invoke	:broadcast	1
2	:ok	:broadcast	1
3	:invoke	:broadcast	2
3	:ok	:broadcast	2
4	:invoke	:broadcast	3
4	:ok	:broadcast	3
0	:invoke	:broadcast	4
0	:ok	:broadcast	4
0	:invoke	:broadcast	5
0	:ok	:broadcast	5
1	:invoke	:broadcast	6
1	:ok	:broadcast	6
2	:invoke	:read	nil
2	:ok	:read	[1 3 6]
:nemesis	:info	:stop-partition	nil
:nemesis	:info	:stop-partition	:network-healed
4	:invoke	:read	nil
4	:ok	:read	[1 3 6]
0	:invoke	:broadcast	7
0	:ok	:broadcast	7
0	:invoke	:read	nil
0	:ok	:read	[0 2 4 5 7]
1	:invoke	:broadcast	8
1	:ok	:broadcast	8
2	:invoke	:read	nil
2	:ok	:read	[1 3 6 7 8]
3	:invoke	:read	nil
3	:ok	:read	[0 2 4 5 7 8]
4	:invoke	:broadcast	9
4	:ok	:broadcast	9
0	:invoke	:read	nil
0	:ok	:read	[0 2 4 5 7 8 9]
0	:invoke	:broadcast	10
0	:ok	:broadcast	10
1	:invoke	:broadcast	11
1	:ok	:broadcast	11
2	:invoke	:read	nil
2	:ok	:read	[1 3 6 7 8 9 10 11]
3	:invoke	:broadcast	12
3	:ok	:broadcast	12
4	:invoke	:broadcast	13
4	:ok	:broadcast	13
0	:invoke	:broadcast	14
0	:ok	:broadcast	14
0	:invoke	:broadcast	15
0	:ok	:broadcast	15
1	:invoke	:broadcast	16
1	:ok	:broadcast	16
2	:invoke	:read	nil
2	:ok	:read	[1 3 6 7 8 9 10 11 12 13 14 15 16]
3	:invoke	:read	nil
3	:ok	:read	[0 2 4 5 7 8 9 10 11 12 13 14 15 16]
4	:invoke	:broadcast	17
4	:ok	:broadcast	17
0	:invoke	:broadcast	18
0	:ok	:broadcast	18
0	:invoke	:read	nil
0	:ok	:read	[0 2 4 5 7 8 9 10 11 12 13 14 15 16 17 18]
1	:invoke	:broadcast	19
1	:ok	:broadcast	19
2	:invoke	:read	nil
2	:ok	:read	[1 3 6 7 8 9 10 11 12 13 14 15 16 17 18 19]
3	:invoke	:read	nil
3	:ok	:read	[0 2 4 5 7 8 9 10 11 12 13 14 15 16 17 18 19]
4	:invoke	:read	nil
4	:ok	:read	[1 3 6 7 7 8 9 10 11 12 13 14 15 16 17 18 19]
0	:invoke	:read	nil
0	:ok	:read	[0 2 4 5 7 8 9 10 11 12 13 14 15 16 17 18 19]
0	:invoke	:read	nil
0	:ok	:read	[0 2 4 5 7 8 9 10 11 12 13 14 15 16 17 18 19]
1	:invoke	:broadcast	20
1	:ok	:broadcast	20
2	:invoke	:broadcast	21
2	:ok	:broadcast	21
3	:invoke	:broadcast	22
3	:ok	:broadcast	22
4	:invoke	:read	nil
4	:ok	:read	[1 3 6 7 7 8 9 10 11 12 13 14 15 16 17 18 19 20 21 22]
0	:invoke	:broadcast	23
0	:ok	:broadcast	23
0	:invoke	:broadcast	24
0	:ok	:broadcast	24
1	:invoke	:broadcast	25
1	:ok	:broadcast	25
2	:invoke	:read	nil
2	:ok	:read	[1 3 6 7 8 9 10 11 12 13 14 15 16 17 18 19 20 21 22 23 24 25]
3	:invoke	:broadcast	26
3	:ok	:broadcast	26
4	:invoke	:broadcast	27
4	:ok	:broadcast	27
0	:invoke	:read	nil
0	:ok	:read	[0 2 4 5 7 8 9 10 11 12 13 14 15 16 17 18 19 20 21 22 23 24 25 26 27]
0	:invoke	:broadcast	28
0	:ok	:broadcast	28
1	:invoke	:read	nil
1	:ok	:read	[1 3 6 7 8 9 10 11 12 13 14 15 16 17 18 19 20 21 22 23 24 25 26 27 28]
2	:invoke	:broadcast	29
2	:ok	:broadcast	29
3	:invoke	:broadcast	30
3	:ok	:broadcast	30
4	:invoke	:broadcast	31
4	:ok	:broadcast	31
0	:invoke	:read	nil
0	:ok	:read	[0 2 4 5 7 8 9 10 11 12 13 14 15 16 17 18 19 20 21 22 23 24 25 26 27 28 29 30 31]
0	:invoke	:read	nil
0	:ok	:read	[0 2 4 5 7 8 9 10 11 12 13 14 15 16 17 18 19 20 21 22 23 24 25 26 27 28 29 30 31]
1	:invoke	:broadcast	32
1	:ok	:broadcast	32
2	:invoke	:read	nil
2	:ok	:read	[1 3 6 7 8 9 10 11 12 13 14 15 16 17 18 19 20 21 22 23 24 25 26 27 28 29 30 31 32]
3	:invoke	:broadcast	33
3	:ok	:broadcast	33
4	:invoke	:read	nil
4	:ok	:read	[1 3 6 7 7 8 9 10 11 12 13 14 15 16 17 18 19 20 21 22 23 24 25 26 27 28 29 30 31 32 33]
0	:invoke	:read	nil
0	:ok	:read	[0 2 4 5 7 8 9 10 11 12 13 14 15 16 17 18 19 20 21 22 23 24 25 26 27 28 29 30 31 32 33]
0	:invoke	:broadcast	34
0	:ok	:broadcast	34
1	:invoke	:broadcast	35
1	:ok	:broadcast	35
2	:invoke	:broadcast	36
2	:ok	:broadcast	36
3	:invoke	:broadcast	37
3	:ok	:broadcast	37
4	:invoke	:broadcast	38
4	:ok	:broadcast	38
0	:invoke	:broadcast	39
0	:ok	:broadcast	39
0	:invoke	:broadcast	40
0	:ok	:broadcast	40
1	:invoke	:read	nil
1	:ok	:read	[1 3 6 7 8 9 10 11 12 13 14 15 16 17 18 19 20 21 22 23 24 25 26 27 28 29 30 31 32 33 34 35 36 37 38 39 40]
2	:invoke	:broadcast	41
2	:ok	:broadcast	41
3	:invoke	:broadcast	42
3	:ok	:broadcast	42
4	:invoke	:read	nil
4	:ok	:read	[1 3 6 7 7 8 9 10 11 12 13 14 15 16 17 18 19 20 21 22 23 24 25 26 27 28 29 30 31 32 33 34 35 36 37 38 39 40 41 42]
0	:invoke	:broadcast	43
0	:ok	:broadcast	43
0	:invoke	:read	nil
0	:ok	:read	[0 2 4 5 7 8 9 10 11 12 13 14 15 16 17 18 19 20 21 22 23 24 25 26 27 28 29 30 31 32 33 34 35 36 37 38 38 39 40 41 42 43]
1	:invoke	:broadcast	44
1	:ok	:broadcast	44
2	:invoke	:broadcast	45
2	:ok	:broadcast	45
3	:invoke	:broadcast	46
3	:ok	:broadcast	46
4	:invoke	:broadcast	47
4	:ok	:broadcast	47
0	:invoke	:read	nil
0	:ok	:read	[0 2 4 5 7 8 9 10 11 12 13 14 15 16 17 18 19 20 21 22 23 24 25 26 27 28 29 30 31 32 33 34 35 36 37 38 38 39 40 41 42 43 44 45 46 47]
0	:invoke	:read	nil
0	:ok	:read	[0 2 4 5 7 8 9 10 11 12 13 14 15 16 17 18 19 20 21 22 23 24 25 26 27 28 29 30 31 32 33 34 35 36 37 38 38 39 40 41 42 43 44 45 46 47]
1	:invoke	:read	nil
1	:ok	:read	[1 3 6 7 8 9 10 11 12 13 14 15 16 17 18 19 20 21 22 23 24 25 26 27 28 29 30 31 32 33 34 35 36 37 38 39 40 41 42 43 44 45 46 47]
2	:invoke	:read	nil
2	:ok	:read	[1 3 6 7 8 9 10 11 12 13 14 15 16 17 18 19 20 21 22 23 24 25 26 27 28 29 30 31 32 33 34 35 36 37 38 39 40 41 42 43 44 45 46 47]
3	:invoke	:broadcast	48
3	:ok	:broadcast	48
4	:invoke	:broadcast	49
4	:ok	:broadcast	49
0	:invoke	:broadcast	50
0	:ok	:broadcast	50
0	:invoke	:broadcast	51
0	:ok	:broadcast	51
1	:invoke	:broadcast	52
1	:ok	:broadcast	52
2	:invoke	:read	nil
2	:ok	:read	[1 3 6 7 8 9 10 11 12 13 14 15 16 17 18 19 20 21 22 23 24 25 26 27 28 29 30 31 32 33 34 35 36 37 38 39 40 41 42 43 44 45 46 47 48 49 50 51 52]
3	:invoke	:read	nil
3	:ok	:read	[0 2 4 5 7 8 9 10 11 12 13 14 15 16 17 18 19 20 21 22 23 24 25 26 27 28 29 30 31 32 33 34 35 36 37 38 39 40 41 42 43 44 45 46 47 48 49 50 51 52]
4	:invoke	:read	nil
4	:ok	:read	[1 3 6 7 7 8 9 10 11 12 13 14 15 16 17 18 19 20 21 22 23 24 25 26 27 28 29 30 31 32 33 34 35 36 37 38 39 40 41 42 43 44 45 46 47 48 49 50 51 52]
0	:invoke	:broadcast	53
0	:ok	:broadcast	53
0	:invoke	:read	nil
0	:ok	:read	[0 2 4 5 7 8 9 10 11 12 13 14 15 16 17 18 19 20 21 22 23 24 25 26 27 28 29 30 31 32 33 34 35 36 37 38 38 39 40 41 42 43 44 45 46 47 48 49 50 51 52 53]
1	:invoke	:broadcast	54
1	:ok	:broadcast	54
2	:invoke	:read	nil
2	:ok	:read	[1 3 6 7 8 9 10 11 12 13 14 15 16 17 18 19 20 21 22 23 24 25 26 27 28 29 30 31 32 33 34 35 36 37 38 39 40 41 42 43 44 45 46 47 48 49 50 51 52 53 54]
3	:invoke	:read	nil
3	:ok	:read	[0 2 4 5 7 8 9 10 11 12 13 14 15 16 17 18 19 20 21 22 23 24 25 26 27 28 29 30 31 32 33 34 35 36 37 38 39 40 41 42 43 44 45 46 47 48 49 50 51 52 53 54]
4	:invoke	:broadcast	55
4	:ok	:broadcast	55
0	:invoke	:broadcast	56
0	:ok	:broadcast	56
0	:invoke	:read	nil
0	:ok	:read	[0 2 4 5 7 8 9 10 11 12 13 14 15 16 17 18 19 20 21 22 23 24 25 26 27 28 29 30 31 32 33 34 35 36 37 38 38 39 40 41 42 43 44 45 46 47 48 49 50 51 52 53 54 55 56]
1	:invoke	:read	nil
1	:ok	:read	[1 3 6 7 8 9 10 11 12 13 14 15 16 17 18 19 20 21 22 23 24 25 26 27 28 29 30 31 32 33 34 35 36 37 38 39 40 41 42 43 44 45 46 47 48 49 50 51 52 53 54 55 56]
2	:invoke	:broadcast	57
2	:ok	:broadcast	57
3	:invoke	:read	nil
3	:ok	:read	[0 2 4 5 7 8 9 10 11 12 13 14 15 16 17 18 19 20 21 22 23 24 25 26 27 28 29 30 31 32 33 34 35 36 37 38 39 40 41 42 43 44 45 46 47 48 49 50 51 52 53 54 55 56 57]
4	:invoke	:broadcast	58
4	:ok	:broadcast	58
0	:invoke	:broadcast	59
0	:ok	:broadcast	59
0	:invoke	:broadcast	60
0	:ok	:broadcast	60
1	:invoke	:read	nil
1	:ok	:read	[1 3 6 7 8 9 10 11 12 13 14 15 16 17 18 19 20 21 22 23 24 25 26 27 28 29 30 31 32 33 34 35 36 37 38 39 40 41 42 43 44 45 46 47 48 49 50 51 52 53 54 55 56 57 58 59 60]
2	:invoke	:read	nil
2	:ok	:read	[1 3 6 7 8 9 10 11 12 13 14 15 16 17 18 19 20 21 22 23 24 25 26 27 28 29 30 31 32 33 34 35 36 37 38 39 40 41 42 43 44 45 46 47 48 49 50 51 52 53 54 55 56 57 58 59 60]
3	:invoke	:broadcast	61
3	:ok	:broadcast	61
4	:invoke	:broadcast	62
4	:ok	:broadcast	62
0	:invoke	:broadcast	63
0	:ok	:broadcast	63
0	:invoke	:broadcast	64
0	:ok	:broadcast	64
1	:invoke	:broadcast	65
1	:ok	:broadcast	65
2	:invoke	:broadcast	66
2	:ok	:broadcast	66
3	:invoke	:read	nil
3	:ok	:read	[0 2 4 5 7 8 9 10 11 12 13 14 15 16 17 18 19 20 21 22 23 24 25 26 27 28 29 30 31 32 33 34 35 36 37 38 39 40 41 42 43 44 45 46 47 48 49 50 51 52 53 54 55 56 57 58 59 60 61 62 63 64 65 66 66]
4	:invoke	:broadcast	67
4	:ok	:broadcast	67
0	:invoke	:read	nil
0	:ok	:read	[0 2 4 5 7 8 9 10 11 12 13 14 15 16 17 18 19 20 21 22 23 24 25 26 27 28 29 30 31 32 33 34 35 36 37 38 38 39 40 41 42 43 44 45 46 47 48 49 50 51 52 53 54 55 56 57 58 59 60 61 62 63 64 65 66 67 67]
0	:invoke	:read	nil
0	:ok	:read	[0 2 4 5 7 8 9 10 11 12 13 14 15 16 17 18 19 20 21 22 23 24 25 26 27 28 29 30 31 32 33 34 35 36 37 38 38 39 40 41 42 43 44 45 46 47 48 49 50 51 52 53 54 55 56 57 58 59 60 61 62 63 64 65 66 67 67]
1	:invoke	:read	nil
1	:ok	:read	[1 3 6 7 8 9 10 11 12 13 14 15 16 17 18 19 20 21 22 23 24 25 26 27 28 29 30 31 32 33 34 35 36 37 38 39 40 41 42 43 44 45 46 47 48 49 50 51 52 53 54 55 56 57 58 59 60 61 62 63 64 65 66 67]
2	:invoke	:read	nil
2	:ok	:read	[1 3 6 7 8 9 10 11 12 13 14 15 16 17 18 19 20 21 22 23 24 25 26 27 28 29 30 31 32 33 34 35 36 37 38 39 40 41 42 43 44 45 46 47 48 49 50 51 52 53 54 55 56 57 58 59 60 61 62 63 64 65 66 67]
3	:invoke	:read	nil
3	:ok	:read	[0 2 4 5 7 8 9 10 11 12 13 14 15 16 17 18 19 20 21 22 23 24 25 26 27 28 29 30 31 32 33 34 35 36 37 38 39 40 41 42 43 44 45 46 47 48 49 50 51 52 53 54 55 56 57 58 59 60 61 62 63 64 65 66 66 67]
4	:invoke	:broadcast	68
4	:ok	:broadcast	68
0	:invoke	:read	nil
0	:ok	:read	[0 2 4 5 7 8 9 10 11 12 13 14 15 16 17 18 19 20 21 22 23 24 25 26 27 28 29 30 31 32 33 34 35 36 37 38 38 39 40 41 42 43 44 45 46 47 48 49 50 51 52 53 54 55 56 57 58 59 60 61 62 63 64 65 66 67 67 68]
0	:invoke	:broadcast	69
0	:ok	:broadcast	69
1	:invoke	:read	nil
1	:ok	:read	[1 3 6 7 8 9 10 11 12 13 14 15 16 17 18 19 20 21 22 23 24 25 26 27 28 29 30 31 32 33 34 35 36 37 38 39 40 41 42 43 44 45 46 47 48 49 50 51 52 53 54 55 56 57 58 59 60 61 62 63 64 65 66 67 68 69]
2	:invoke	:read	nil
2	:ok	:read	[1 3 6 7 8 9 10 11 12 13 14 15 16 17 18 19 20 21 22 23 24 25 26 27 28 29 30 31 32 33 34 35 36 37 38 39 40 41 42 43 44 45 46 47 48 49 50 51 52 53 54 55 56 57 58 59 60 61 62 63 64 65 66 67 68 69]
3	:invoke	:read	nil
3	:ok	:read	[0 2 4 5 7 8 9 10 11 12 13 14 15 16 17 18 19 20 21 22 23 24 25 26 27 28 29 30 31 32 33 34 35 36 37 38 39 40 41 42 43 44 45 46 47 48 49 50 51 52 53 54 55 56 57 58 59 60 61 62 63 64 65 66 66 67 68 69]
4	:invoke	:read	nil
4	:ok	:read	[1 3 6 7 7 8 9 10 11 12 13 14 15 16 17 18 19 20 21 22 23 24 25 26 27 28 29 30 31 32 33 34 35 36 37 38 39 40 41 42 43 44 45 46 47 48 49 50 51 52 53 54 55 56 57 58 59 60 61 62 63 64 65 66 67 68 69]
0	:invoke	:read	nil
0	:ok	:read	[0 2 4 5 7 8 9 10 11 12 13 14 15 16 17 18 19 20 21 22 23 24 25 26 27 28 29 30 31 32 33 34 35 36 37 38 38 39 40 41 42 43 44 45 46 47 48 49 50 51 52 53 54 55 56 57 58 59 60 61 62 63 64 65 66 67 67 68 69]
0	:invoke	:broadcast	70
0	:ok	:broadcast	70
1	:invoke	:read	nil
1	:ok	:read	[1 3 6 7 8 9 10 11 12 13 14 15 16 17 18 19 20 21 22 23 24 25 26 27 28 29 30 31 32 33 34 35 36 37 38 39 40 41 42 43 44 45 46 47 48 49 50 51 52 53 54 55 56 57 58 59 60 61 62 63 64 65 66 67 68 69 70]
2	:invoke	:broadcast	71
2	:ok	:broadcast	71
3	:invoke	:broadcast	72
3	:ok	:broadcast	72
4	:invoke	:read	nil
4	:ok	:read	[1 3 6 7 7 8 9 10 11 12 13 14 15 16 17 18 19 20 21 22 23 24 25 26 27 28 29 30 31 32 33 34 35 36 37 38 39 40 41 42 43 44 45 46 47 48 49 50 51 52 53 54 55 56 57 58 59 60 61 62 63 64 65 66 67 68 69 70 71 72]
0	:invoke	:broadcast	73
0	:ok	:broadcast	73
0	:invoke	:read	nil
0	:ok	:read	[0 2 4 5 7 8 9 10 11 12 13 14 15 16 17 18 19 20 21 22 23 24 25 26 27 28 29 30 31 32 33 34 35 36 37 38 38 39 40 41 42 43 44 45 46 47 48 49 50 51 52 53 54 55 56 57 58 59 60 61 62 63 64 65 66 67 67 68 69 70 71 72 73]
1	:invoke	:read	nil
1	:ok	:read	[1 3 6 7 8 9 10 11 12 13 14 15 16 17 18 19 20 21 22 23 24 25 26 27 28 29 30 31 32 33 34 35 36 37 38 39 40 41 42 43 44 45 46 47 48 49 50 51 52 53 54 55 56 57 58 59 60 61 62 63 64 65 66 67 68 69 70 71 72 73]
2	:invoke	:read	nil
2	:ok	:read	[1 3 6 7 8 9 10 11 12 13 14 15 16 17 18 19 20 21 22 23 24 25 26 27 28 29 30 31 32 33 34 35 36 37 38 39 40 41 42 43 44 45 46 47 48 49 50 51 52 53 54 55 56 57 58 59 60 61 62 63 64 65 66 67 68 69 70 71 72 73]
3	:invoke	:read	nil
3	:ok	:read	[0 2 4 5 7 8 9 10 11 12 13 14 15 16 17 18 19 20 21 22 23 24 25 26 27 28 29 30 31 32 33 34 35 36 37 38 39 40 41 42 43 44 45 46 47 48 49 50 51 52 53 54 55 56 57 58 59 60 61 62 63 64 65 66 66 67 68 69 70 71 72 73]
4	:invoke	:broadcast	74
4	:ok	:broadcast	74
0	:invoke	:read	nil
0	:ok	:read	[0 2 4 5 7 8 9 10 11 12 13 14 15 16 17 18 19 20 21 22 23 24 25 26 27 28 29 30 31 32 33 34 35 36 37 38 38 39 40 41 42 43 44 45 46 47 48 49 50 51 52 53 54 55 56 57 58 59 60 61 62 63 64 65 66 67 67 68 69 70 71 72 73 74]
0	:invoke	:broadcast	75
0	:ok	:broadcast	75
1	:invoke	:broadcast	76
1	:ok	:broadcast	76
2	:invoke	:broadcast	77
2	:ok	:broadcast	77
3	:invoke	:broadcast	78
3	:ok	:broadcast	78
4	:invoke	:broadcast	79
4	:ok	:broadcast	79
0	:invoke	:read	nil
0	:ok	:read	[0 2 4 5 7 8 9 10 11 12 13 14 15 16 17 18 19 20 21 22 23 24 25 26 27 28 29 30 31 32 33 34 35 36 37 38 38 39 40 41 42 43 44 45 46 47 48 49 50 51 52 53 54 55 56 57 58 59 60 61 62 63 64 65 66 67 67 68 69 70 71 72 73 74 75 76 77 78 79]
0	:invoke	:broadcast	80
0	:ok	:broadcast	80
1	:invoke	:read	nil
1	:ok	:read	[1 3 6 7 8 9 10 11 12 13 14 15 16 17 18 19 20 21 22 23 24 25 26 27 28 29 30 31 32 33 34 35 36 37 38 39 40 41 42 43 44 45 46 47 48 49 50 51 52 53 54 55 56 57 58 59 60 61 62 63 64 65 66 67 68 69 70 71 72 73 74 75 76 77 78 79 80]
2	:invoke	:read	nil
2	:ok	:read	[1 3 6 7 8 9 10 11 12 13 14 15 16 17 18 19 20 21 22 23 24 25 26 27 28 29 30 31 32 33 34 35 36 37 38 39 40 41 42 43 44 45 46 47 48 49 50 51 52 53 54 55 56 57 58 59 60 61 62 63 64 65 66 67 68 69 70 71 72 73 74 75 76 77 78 79 80]
3	:invoke	:broadcast	81
3	:ok	:broadcast	81
4	:invoke	:read	nil
4	:ok	:read	[1 3 6 7 7 8 9 10 11 12 13 14 15 16 17 18 19 20 21 22 23 24 25 26 27 28 29 30 31 32 33 34 35 36 37 38 39 40 41 42 43 44 45 46 47 48 49 50 51 52 53 54 55 56 57 58 59 60 61 62 63 64 65 66 67 68 69 70 71 72 73 74 75 75 76 77 78 79 80 81]
0	:invoke	:read	nil
0	:ok	:read	[0 2 4 5 7 8 9 10 11 12 13 14 15 16 17 18 19 20 21 22 23 24 25 26 27 28 29 30 31 32 33 34 35 36 37 38 38 39 40 41 42 43 44 45 46 47 48 49 50 51 52 53 54 55 56 57 58 59 60 61 62 63 64 65 66 67 67 68 69 70 71 72 73 74 75 76 77 78 79 80 81]
0	:invoke	:broadcast	82
0	:ok	:broadcast	82
1	:invoke	:broadcast	83
1	:ok	:broadcast	83
2	:invoke	:broadcast	84
2	:ok	:broadcast	84
3	:invoke	:read	nil
3	:ok	:read	[0 2 4 5 7 8 9 10 11 12 13 14 15 16 17 18 19 20 21 22 23 24 25 26 27 28 29 30 31 32 33 34 35 36 37 38 39 40 41 42 43 44 45 46 47 48 49 50 51 52 53 54 55 56 57 58 59 60 61 62 63 64 65 66 66 67 68 69 70 71 72 73 74 75 76 77 78 79 80 81 82 83 84]
4	:invoke	:read	nil
4	:ok	:read	[1 3 6 7 7 8 9 10 11 12 13 14 15 16 17 18 19 20 21 22 23 24 25 26 27 28 29 30 31 32 33 34 35 36 37 38 39 40 41 42 43 44 45 46 47 48 49 50 51 52 53 54 55 56 57 58 59 60 61 62 63 64 65 66 67 68 69 70 71 72 73 74 75 75 76 77 78 79 80 81 82 83 84]
0	:invoke	:read	nil
0	:ok	:read	[0 2 4 5 7 8 9 10 11 12 13 14 15 16 17 18 19 20 21 22 23 24 25 26 27 28 29 30 31 32 33 34 35 36 37 38 38 39 40 41 42 43 44 45 46 47 48 49 50 51 52 53 54 55 56 57 58 59 60 61 62 63 64 65 66 67 67 68 69 70 71 72 73 74 75 76 77 78 79 80 81 82 83 84]
0	:invoke	:read	nil
0	:ok	:read	[0 2 4 5 7 8 9 10 11 12 13 14 15 16 17 18 19 20 21 22 23 24 25 26 27 28 29 30 31 32 33 34 35 36 37 38 38 39 40 41 42 43 44 45 46 47 48 49 50 51 52 53 54 55 56 57 58 59 60 61 62 63 64 65 66 67 67 68 69 70 71 72 73 74 75 76 77 78 79 80 81 82 83 84]
1	:invoke	:broadcast	85
1	:ok	:broadcast	85
2	:invoke	:broadcast	86
2	:ok	:broadcast	86
3	:invoke	:broadcast	87
3	:ok	:broadcast	87
4	:invoke	:broadcast	88
4	:ok	:broadcast	88
0	:invoke	:read	nil
0	:ok	:read	[0 2 4 5 7 8 9 10 11 12 13 14 15 16 17 18 19 20 21 22 23 24 25 26 27 28 29 30 31 32 33 34 35 36 37 38 38 39 40 41 42 43 44 45 46 47 48 49 50 51 52 53 54 55 56 57 58 59 60 61 62 63 64 65 66 67 67 68 69 70 71 72 73 74 75 76 77 78 79 80 81 82 83 84 85 86 87 88]
0	:invoke	:read	nil
1	:invoke	:read	nil
1	:ok	:read	[1 3 6 7 8 9 10 11 12 13 14 15 16 17 18 19 20 21 22 23 24 25 26 27 28 29 30 31 32 33 34 35 36 37 38 39 40 41 42 43 44 45 46 47 48 49 50 51 52 53 54 55 56 57 58 59 60 61 62 63 64 65 66 67 68 69 70 71 72 73 74 75 76 77 78 79 80 81 82 83 84 85 86 87 88]
0	:ok	:read	[0 2 4 5 7 8 9 10 11 12 13 14 15 16 17 18 19 20 21 22 23 24 25 26 27 28 29 30 31 32 33 34 35 36 37 38 38 39 40 41 42 43 44 45 46 47 48 49 50 51 52 53 54 55 56 57 58 59 60 61 62 63 64 65 66 67 67 68 69 70 71 72 73 74 75 76 77 78 79 80 81 82 83 84 85 86 87 88]
2	:invoke	:read	nil
2	:ok	:read	[1 3 6 7 8 9 10 11 12 13 14 15 16 17 18 19 20 21 22 23 24 25 26 27 28 29 30 31 32 33 34 35 36 37 38 39 40 41 42 43 44 45 46 47 48 49 50 51 52 53 54 55 56 57 58 59 60 61 62 63 64 65 66 67 68 69 70 71 72 73 74 75 76 77 78 79 80 81 82 83 84 85 86 87 88]
3	:invoke	:read	nil
3	:ok	:read	[0 2 4 5 7 8 9 10 11 12 13 14 15 16 17 18 19 20 21 22 23 24 25 26 27 28 29 30 31 32 33 34 35 36 37 38 39 40 41 42 43 44 45 46 47 48 49 50 51 52 53 54 55 56 57 58 59 60 61 62 63 64 65 66 66 67 68 69 70 71 72 73 74 75 76 77 78 79 80 81 82 83 84 85 86 87 88]
4	:invoke	:broadcast	89
4	:ok	:broadcast	89
0	:invoke	:broadcast	90
0	:ok	:broadcast	90
0	:invoke	:read	nil
0	:ok	:read	[0 2 4 5 7 8 9 10 11 12 13 14 15 16 17 18 19 20 21 22 23 24 25 26 27 28 29 30 31 32 33 34 35 36 37 38 38 39 40 41 42 43 44 45 46 47 48 49 50 51 52 53 54 55 56 57 58 59 60 61 62 63 64 65 66 67 67 68 69 70 71 72 73 74 75 76 77 78 79 80 81 82 83 84 85 86 87 88 89 90]
1	:invoke	:read	nil
1	:ok	:read	[1 3 6 7 8 9 10 11 12 13 14 15 16 17 18 19 20 21 22 23 24 25 26 27 28 29 30 31 32 33 34 35 36 37 38 39 40 41 42 43 44 45 46 47 48 49 50 51 52 53 54 55 56 57 58 59 60 61 62 63 64 65 66 67 68 69 70 71 72 73 74 75 76 77 78 79 80 81 82 83 84 85 86 87 88 89 90]
2	:invoke	:broadcast	91
2	:ok	:broadcast	91
3	:invoke	:read	nil
3	:ok	:read	[0 2 4 5 7 8 9 10 11 12 13 14 15 16 17 18 19 20 21 22 23 24 25 26 27 28 29 30 31 32 33 34 35 36 37 38 39 40 41 42 43 44 45 46 47 48 49 50 51 52 53 54 55 56 57 58 59 60 61 62 63 64 65 66 66 67 68 69 70 71 72 73 74 75 76 77 78 79 80 81 82 83 84 85 86 87 88 89 90 91]
4	:invoke	:read	nil
4	:ok	:read	[1 3 6 7 7 8 9 10 11 12 13 14 15 16 17 18 19 20 21 22 23 24 25 26 27 28 29 30 31 32 33 34 35 36 37 38 39 40 41 42 43 44 45 46 47 48 49 50 51 52 53 54 55 56 57 58 59 60 61 62 63 64 65 66 67 68 69 70 71 72 73 74 75 75 76 77 78 79 80 81 82 83 84 85 86 87 88 89 90 91]
0	:invoke	:broadcast	92
0	:ok	:broadcast	92
:nemesis	:info	:start-partition	:majority
:nemesis	:info	:start-partition	[:isolated {"n2" #{"n1" "n4" "n0"}, "n3" #{"n1" "n4" "n0"}, "n1" #{"n2" "n3"}, "n4" #{"n2" "n3"}, "n0" #{"n2" "n3"}}]
1	:invoke	:read	nil
1	:ok	:read	[1 3 6 7 8 9 10 11 12 13 14 15 16 17 18 19 20 21 22 23 24 25 26 27 28 29 30 31 32 33 34 35 36 37 38 39 40 41 42 43 44 45 46 47 48 49 50 51 52 53 54 55 56 57 58 59 60 61 62 63 64 65 66 67 68 69 70 71 72 73 74 75 76 77 78 79 80 81 82 83 84 85 86 87 88 89 90 91 92]
2	:invoke	:broadcast	93
2	:ok	:broadcast	93
3	:invoke	:read	nil
3	:ok	:read	[0 2 4 5 7 8 9 10 11 12 13 14 15 16 17 18 19 20 21 22 23 24 25 26 27 28 29 30 31 32 33 34 35 36 37 38 39 40 41 42 43 44 45 46 47 48 49 50 51 52 53 54 55 56 57 58 59 60 61 62 63 64 65 66 66 67 68 69 70 71 72 73 74 75 76 77 78 79 80 81 82 83 84 85 86 87 88 89 90 91 92]
4	:invoke	:read	nil
4	:ok	:read	[1 3 6 7 7 8 9 10 11 12 13 14 15 16 17 18 19 20 21 22 23 24 25 26 27 28 29 30 31 32 33 34 35 36 37 38 39 40 41 42 43 44 45 46 47 48 49 50 51 52 53 54 55 56 57 58 59 60 61 62 63 64 65 66 67 68 69 70 71 72 73 74 75 75 76 77 78 79 80 81 82 83 84 85 86 87 88 89 90 91 92]
0	:invoke	:read	nil
0	:ok	:read	[0 2 4 5 7 8 9 10 11 12 13 14 15 16 17 18 19 20 21 22 23 24 25 26 27 28 29 30 31 32 33 34 35 36 37 38 38 39 40 41 42 43 44 45 46 47 48 49 50 51 52 53 54 55 56 57 58 59 60 61 62 63 64 65 66 67 67 68 69 70 71 72 73 74 75 76 77 78 79 80 81 82 83 84 85 86 87 88 89 90 91 92]
0	:invoke	:broadcast	94
0	:ok	:broadcast	94
1	:invoke	:read	nil
1	:ok	:read	[1 3 6 7 8 9 10 11 12 13 14 15 16 17 18 19 20 21 22 23 24 25 26 27 28 29 30 31 32 33 34 35 36 37 38 39 40 41 42 43 44 45 46 47 48 49 50 51 52 53 54 55 56 57 58 59 60 61 62 63 64 65 66 67 68 69 70 71 72 73 74 75 76 77 78 79 80 81 82 83 84 85 86 87 88 89 90 91 92 94]
2	:invoke	:read	nil
2	:ok	:read	[1 3 6 7 8 9 10 11 12 13 14 15 16 17 18 19 20 21 22 23 24 25 26 27 28 29 30 31 32 33 34 35 36 37 38 39 40 41 42 43 44 45 46 47 48 49 50 51 52 53 54 55 56 57 58 59 60 61 62 63 64 65 66 67 68 69 70 71 72 73 74 75 76 77 78 79 80 81 82 83 84 85 86 87 88 89 90 91 92 93]
3	:invoke	:read	nil
3	:ok	:read	[0 2 4 5 7 8 9 10 11 12 13 14 15 16 17 18 19 20 21 22 23 24 25 26 27 28 29 30 31 32 33 34 35 36 37 38 39 40 41 42 43 44 45 46 47 48 49 50 51 52 53 54 55 56 57 58 59 60 61 62 63 64 65 66 66 67 68 69 70 71 72 73 74 75 76 77 78 79 80 81 82 83 84 85 86 87 88 89 90 91 92]
4	:invoke	:read	nil
4	:ok	:read	[1 3 6 7 7 8 9 10 11 12 13 14 15 16 17 18 19 20 21 22 23 24 25 26 27 28 29 30 31 32 33 34 35 36 37 38 39 40 41 42 43 44 45 46 47 48 49 50 51 52 53 54 55 56 57 58 59 60 61 62 63 64 65 66 67 68 69 70 71 72 73 74 75 75 76 77 78 79 80 81 82 83 84 85 86 87 88 89 90 91 92 94]
0	:invoke	:broadcast	95
0	:ok	:broadcast	95
0	:invoke	:read	nil
0	:ok	:read	[0 2 4 5 7 8 9 10 11 12 13 14 15 16 17 18 19 20 21 22 23 24 25 26 27 28 29 30 31 32 33 34 35 36 37 38 38 39 40 41 42 43 44 45 46 47 48 49 50 51 52 53 54 55 56 57 58 59 60 61 62 63 64 65 66 67 67 68 69 70 71 72 73 74 75 76 77 78 79 80 81 82 83 84 85 86 87 88 89 90 91 92 94 95]
1	:invoke	:read	nil
1	:ok	:read	[1 3 6 7 8 9 10 11 12 13 14 15 16 17 18 19 20 21 22 23 24 25 26 27 28 29 30 31 32 33 34 35 36 37 38 39 40 41 42 43 44 45 46 47 48 49 50 51 52 53 54 55 56 57 58 59 60 61 62 63 64 65 66 67 68 69 70 71 72 73 74 75 76 77 78 79 80 81 82 83 84 85 86 87 88 89 90 91 92 94 95]
2	:invoke	:read	nil
2	:ok	:read	[1 3 6 7 8 9 10 11 12 13 14 15 16 17 18 19 20 21 22 23 24 25 26 27 28 29 30 31 32 33 34 35 36 37 38 39 40 41 42 43 44 45 46 47 48 49 50 51 52 53 54 55 56 57 58 59 60 61 62 63 64 65 66 67 68 69 70 71 72 73 74 75 76 77 78 79 80 81 82 83 84 85 86 87 88 89 90 91 92 93]
3	:invoke	:broadcast	96
3	:ok	:broadcast	96
4	:invoke	:broadcast	97
4	:ok	:broadcast	97
:nemesis	:info	:stop-partition	nil
:nemesis	:info	:stop-partition	:network-healed
0	:invoke	:read	nil
2	:invoke	:read	nil
3	:invoke	:read	nil
4	:invoke	:read	nil
1	:invoke	:read	nil
0	:ok	:read	[0 2 4 5 7 8 9 10 11 12 13 14 15 16 17 18 19 20 21 22 23 24 25 26 27 28 29 30 31 32 33 34 35 36 37 38 38 39 40 41 42 43 44 45 46 47 48 49 50 51 52 53 54 55 56 57 58 59 60 61 62 63 64 65 66 67 67 68 69 70 71 72 73 74 75 76 77 78 79 80 81 82 83 84 85 86 87 88 89 90 91 92 94 95 97]
4	:ok	:read	[1 3 6 7 7 8 9 10 11 12 13 14 15 16 17 18 19 20 21 22 23 24 25 26 27 28 29 30 31 32 33 34 35 36 37 38 39 40 41 42 43 44 45 46 47 48 49 50 51 52 53 54 55 56 57 58 59 60 61 62 63 64 65 66 67 68 69 70 71 72 73 74 75 75 76 77 78 79 80 81 82 83 84 85 86 87 88 89 90 91 92 94 95 97]
1	:ok	:read	[1 3 6 7 8 9 10 11 12 13 14 15 16 17 18 19 20 21 22 23 24 25 26 27 28 29 30 31 32 33 34 35 36 37 38 39 40 41 42 43 44 45 46 47 48 49 50 51 52 53 54 55 56 57 58 59 60 61 62 63 64 65 66 67 68 69 70 71 72 73 74 75 76 77 78 79 80 81 82 83 84 85 86 87 88 89 90 91 92 94 95 97]
3	:ok	:read	[0 2 4 5 7 8 9 10 11 12 13 14 15 16 17 18 19 20 21 22 23 24 25 26 27 28 29 30 31 32 33 34 35 36 37 38 39 40 41 42 43 44 45 46 47 48 49 50 51 52 53 54 55 56 57 58 59 60 61 62 63 64 65 66 66 67 68 69 70 71 72 73 74 75 76 77 78 79 80 81 82 83 84 85 86 87 88 89 90 91 92 96 97]
2	:ok	:read	[1 3 6 7 8 9 10 11 12 13 14 15 16 17 18 19 20 21 22 23 24 25 26 27 28 29 30 31 32 33 34 35 36 37 38 39 40 41 42 43 44 45 46 47 48 49 50 51 52 53 54 55 56 57 58 59 60 61 62 63 64 65 66 67 68 69 70 71 72 73 74 75 76 77 78 79 80 81 82 83 84 85 86 87 88 89 90 91 92 93 97]
