0	:invoke	:broadcast	0
0	:ok	:broadcast	0
1	:invoke	:read	nil
1	:ok	:read	[0]
2	:invoke	:broadcast	1
2	:ok	:broadcast	1
3	:invoke	:read	nil
3	:ok	:read	[0 1]
4	:invoke	:broadcast	2
4	:ok	:broadcast	2
0	:invoke	:read	nil
0	:ok	:read	[0 1 2]
0	:invoke	:read	nil
0	:ok	:read	[0 1 2]
1	:invoke	:broadcast	3
1	:ok	:broadcast	3
2	:invoke	:read	nil
2	:ok	:read	[0 1 2 3]
3	:invoke	:broadcast	4
3	:ok	:broadcast	4
4	:invoke	:broadcast	5
0	:invoke	:read	nil
0	:ok	:read	[0 1 2 3 4]
4	:ok	:broadcast	5
0	:invoke	:read	nil
0	:ok	:read	[0 1 2 3 4 5]
1	:invoke	:broadcast	6
1	:ok	:broadcast	6
2	:invoke	:broadcast	7
2	:ok	:broadcast	7
3	:invoke	:broadcast	8
3	:ok	:broadcast	8
4	:invoke	:broadcast	9
4	:ok	:broadcast	9
0	:invoke	:read	nil
0	:ok	:read	[0 1 2 3 4 5 6 7 8 9]
0	:invoke	:read	nil
0	:ok	:read	[0 1 2 3 4 5 6 7 8 9]
1	:invoke	:read	nil
1	:ok	:read	[0 1 2 3 4 5 6 7 8 9]
2	:invoke	:broadcast	10
2	:ok	:broadcast	10
3	:invoke	:broadcast	11
3	:ok	:broadcast	11
4	:invoke	:broadcast	12
4	:ok	:broadcast	12
0	:invoke	:read	nil
0	:ok	:read	[0 1 2 3 4 5 6 7 8 9 10 11 12]
0	:invoke	:broadcast	13
0	:ok	:broadcast	13
1	:invoke	:read	nil
1	:ok	:read	[0 1 2 3 4 5 6 7 8 9 10 11 12 13]
2	:invoke	:read	nil
2	:ok	:read	[0 1 2 3 4 5 6 7 8 9 10 11 12 13]
3	:invoke	:read	nil
4	:invoke	:broadcast	14
3	:ok	:read	[0 1 2 3 4 5 6 7 8 9 10 11 12 13]
4	:ok	:broadcast	14
0	:invoke	:read	nil
0	:ok	:read	[0 1 2 3 4 5 6 7 8 9 10 11 12 13 14]
0	:invoke	:broadcast	15
0	:ok	:broadcast	15
1	:invoke	:broadcast	16
1	:ok	:broadcast	16
2	:invoke	:read	nil
2	:ok	:read	[0 1 2 3 4 5 6 7 8 9 10 11 12 13 14 15 16]
3	:invoke	:broadcast	17
3	:ok	:broadcast	17
4	:invoke	:read	nil
4	:ok	:read	[0 1 2 3 4 5 6 7 8 9 10 11 12 13 14 15 16 17]
0	:invoke	:broadcast	18
0	:ok	:broadcast	18
0	:invoke	:read	nil
0	:ok	:read	[0 1 2 3 4 5 6 7 8 9 10 11 12 13 14 15 16 17 18]
1	:invoke	:read	nil
1	:ok	:read	[0 1 2 3 4 5 6 7 8 9 10 11 12 13 14 15 16 17 18]
2	:invoke	:read	nil
2	:ok	:read	[0 1 2 3 4 5 6 7 8 9 10 11 12 13 14 15 16 17 18]
3	:invoke	:broadcast	19
3	:ok	:broadcast	19
4	:invoke	:read	nil
4	:ok	:read	[0 1 2 3 4 5 6 7 8 9 10 11 12 13 14 15 16 17 18 19]
0	:invoke	:read	nil
0	:ok	:read	[0 1 2 3 4 5 6 7 8 9 10 11 12 13 14 15 16 17 18 19]
0	:invoke	:broadcast	20
0	:ok	:broadcast	20
1	:invoke	:read	nil
1	:ok	:read	[0 1 2 3 4 5 6 7 8 9 10 11 12 13 14 15 16 17 18 19 20]
2	:invoke	:read	nil
2	:ok	:read	[0 1 2 3 4 5 6 7 8 9 10 11 12 13 14 15 16 17 18 19 20]
3	:invoke	:broadcast	21
3	:ok	:broadcast	21
4	:invoke	:broadcast	22
4	:ok	:broadcast	22
0	:invoke	:broadcast	23
0	:ok	:broadcast	23
0	:invoke	:broadcast	24
0	:ok	:broadcast	24
1	:invoke	:read	nil
1	:ok	:read	[0 1 2 3 4 5 6 7 8 9 10 11 12 13 14 15 16 17 18 19 20 21 22 23 24]
2	:invoke	:broadcast	25
2	:ok	:broadcast	25
3	:invoke	:broadcast	26
3	:ok	:broadcast	26
4	:invoke	:read	nil
4	:ok	:read	[0 1 2 3 4 5 6 7 8 9 10 11 12 13 14 15 16 17 18 19 20 21 22 23 24 25 26]
0	:invoke	:broadcast	27
0	:ok	:broadcast	27
0	:invoke	:read	nil
0	:ok	:read	[0 1 2 3 4 5 6 7 8 9 10 11 12 13 14 15 16 17 18 19 20 21 22 23 24 25 26 27]
1	:invoke	:broadcast	28
1	:ok	:broadcast	28
2	:invoke	:broadcast	29
2	:ok	:broadcast	29
3	:invoke	:read	nil
3	:ok	:read	[0 1 2 3 4 5 6 7 8 9 10 11 12 13 14 15 16 17 18 19 20 21 22 23 24 25 26 27 28 29]
4	:invoke	:read	nil
4	:ok	:read	[0 1 2 3 4 5 6 7 8 9 10 11 12 13 14 15 16 17 18 19 20 21 22 23 24 25 26 27 28 29]
0	:invoke	:read	nil
0	:ok	:read	[0 1 2 3 4 5 6 7 8 9 10 11 12 13 14 15 16 17 18 19 20 21 22 23 24 25 26 27 28 29]
0	:invoke	:read	nil
0	:ok	:read	[0 1 2 3 4 5 6 7 8 9 10 11 12 13 14 15 16 17 18 19 20 21 22 23 24 25 26 27 28 29]
1	:invoke	:broadcast	30
1	:ok	:broadcast	30
2	:invoke	:broadcast	31
2	:ok	:broadcast	31
3	:invoke	:read	nil
3	:ok	:read	[0 1 2 3 4 5 6 7 8 9 10 11 12 13 14 15 16 17 18 19 20 21 22 23 24 25 26 27 28 29 30 31]
4	:invoke	:read	nil
4	:ok	:read	[0 1 2 3 4 5 6 7 8 9 10 11 12 13 14 15 16 17 18 19 20 21 22 23 24 25 26 27 28 29 30 31]
0	:invoke	:broadcast	32
0	:ok	:broadcast	32
0	:invoke	:broadcast	33
0	:ok	:broadcast	33
1	:invoke	:broadcast	34
1	:ok	:broadcast	34
2	:invoke	:broadcast	35
2	:ok	:broadcast	35
3	:invoke	:read	nil
3	:ok	:read	[0 1 2 3 4 5 6 7 8 9 10 11 12 13 14 15 16 17 18 19 20 21 22 23 24 25 26 27 28 29 30 31 32 33 34 35]
4	:invoke	:read	nil
4	:ok	:read	[0 1 2 3 4 5 6 7 8 9 10 11 12 13 14 15 16 17 18 19 20 21 22 23 24 25 26 27 28 29 30 31 32 33 34 35]
0	:invoke	:broadcast	36
0	:ok	:broadcast	36
0	:invoke	:read	nil
0	:ok	:read	[0 1 2 3 4 5 6 7 8 9 10 11 12 13 14 15 16 17 18 19 20 21 22 23 24 25 26 27 28 29 30 31 32 33 34 35 36]
1	:invoke	:read	nil
1	:ok	:read	[0 1 2 3 4 5 6 7 8 9 10 11 12 13 14 15 16 17 18 19 20 21 22 23 24 25 26 27 28 29 30 31 32 33 34 35 36]
2	:invoke	:read	nil
2	:ok	:read	[0 1 2 3 4 5 6 7 8 9 10 11 12 13 14 15 16 17 18 19 20 21 22 23 24 25 26 27 28 29 30 31 32 33 34 35 36]
3	:invoke	:broadcast	37
3	:ok	:broadcast	37
4	:invoke	:read	nil
4	:ok	:read	[0 1 2 3 4 5 6 7 8 9 10 11 12 13 14 15 16 17 18 19 20 21 22 23 24 25 26 27 28 29 30 31 32 33 34 35 36 37]
0	:invoke	:broadcast	38
0	:ok	:broadcast	38
0	:invoke	:read	nil
0	:ok	:read	[0 1 2 3 4 5 6 7 8 9 10 11 12 13 14 15 16 17 18 19 20 21 22 23 24 25 26 27 28 29 30 31 32 33 34 35 36 37 38]
1	:invoke	:read	nil
1	:ok	:read	[0 1 2 3 4 5 6 7 8 9 10 11 12 13 14 15 16 17 18 19 20 21 22 23 24 25 26 27 28 29 30 31 32 33 34 35 36 37 38]
2	:invoke	:read	nil
2	:ok	:read	[0 1 2 3 4 5 6 7 8 9 10 11 12 13 14 15 16 17 18 19 20 21 22 23 24 25 26 27 28 29 30 31 32 33 34 35 36 37 38]
3	:invoke	:read	nil
3	:ok	:read	[0 1 2 3 4 5 6 7 8 9 10 11 12 13 14 15 16 17 18 19 20 21 22 23 24 25 26 27 28 29 30 31 32 33 34 35 36 37 38]
4	:invoke	:read	nil
4	:ok	:read	[0 1 2 3 4 5 6 7 8 9 10 11 12 13 14 15 16 17 18 19 20 21 22 23 24 25 26 27 28 29 30 31 32 33 34 35 36 37 38]
0	:invoke	:broadcast	39
0	:ok	:broadcast	39
0	:invoke	:broadcast	40
0	:ok	:broadcast	40
1	:invoke	:broadcast	41
1	:ok	:broadcast	41
2	:invoke	:broadcast	42
2	:ok	:broadcast	42
3	:invoke	:broadcast	43
3	:ok	:broadcast	43
4	:invoke	:read	nil
4	:ok	:read	[0 1 2 3 4 5 6 7 8 9 10 11 12 13 14 15 16 17 18 19 20 21 22 23 24 25 26 27 28 29 30 31 32 33 34 35 36 37 38 39 40 41 42 43]
0	:invoke	:read	nil
0	:ok	:read	[0 1 2 3 4 5 6 7 8 9 10 11 12 13 14 15 16 17 18 19 20 21 22 23 24 25 26 27 28 29 30 31 32 33 34 35 36 37 38 39 40 41 42 43]
0	:invoke	:broadcast	44
0	:ok	:broadcast	44
1	:invoke	:broadcast	45
1	:ok	:broadcast	45
2	:invoke	:broadcast	46
2	:ok	:broadcast	46
3	:invoke	:read	nil
3	:ok	:read	[0 1 2 3 4 5 6 7 8 9 10 11 12 13 14 15 16 17 18 19 20 21 22 23 24 25 26 27 28 29 30 31 32 33 34 35 36 37 38 39 40 41 42 43 44 45 46]
4	:invoke	:read	nil
4	:ok	:read	[0 1 2 3 4 5 6 7 8 9 10 11 12 13 14 15 16 17 18 19 20 21 22 23 24 25 26 27 28 29 30 31 32 33 34 35 36 37 38 39 40 41 42 43 44 44 45 46]
0	:invoke	:read	nil
0	:ok	:read	[0 1 2 3 4 5 6 7 8 9 10 11 12 13 14 15 16 17 18 19 20 21 22 23 24 25 26 27 28 29 30 31 32 33 34 35 36 37 38 39 40 41 42 43 44 45 46]
0	:invoke	:broadcast	47
0	:ok	:broadcast	47
1	:invoke	:broadcast	48
1	:ok	:broadcast	48
2	:invoke	:broadcast	49
2	:ok	:broadcast	49
3	:invoke	:read	nil
3	:ok	:read	[0 1 2 3 4 5 6 7 8 9 10 11 12 13 14 15 16 17 18 19 20 21 22 23 24 25 26 27 28 29 30 31 32 33 34 35 36 37 38 39 40 41 42 43 44 45 46 47 48 49]
4	:invoke	:read	nil
4	:ok	:read	[0 1 2 3 4 5 6 7 8 9 10 11 12 13 14 15 16 17 18 19 20 21 22 23 24 25 26 27 28 29 30 31 32 33 34 35 36 37 38 39 40 41 42 43 44 44 45 46 47 48 49]
0	:invoke	:broadcast	50
0	:ok	:broadcast	50
0	:invoke	:read	nil
0	:ok	:read	[0 1 2 3 4 5 6 7 8 9 10 11 12 13 14 15 16 17 18 19 20 21 22 23 24 25 26 27 28 29 30 31 32 33 34 35 36 37 38 39 40 41 42 43 44 45 46 47 48 49 50]
1	:invoke	:read	nil
1	:ok	:read	[0 1 2 3 4 5 6 7 8 9 10 11 12 13 14 15 16 17 18 19 20 21 22 23 24 25 26 27 28 29 30 31 32 33 34 35 36 37 38 39 40 41 42 43 44 45 46 47 48 49 50]
2	:invoke	:broadcast	51
2	:ok	:broadcast	51
3	:invoke	:read	nil
3	:ok	:read	[0 1 2 3 4 5 6 7 8 9 10 11 12 13 14 15 16 17 18 19 20 21 22 23 24 25 26 27 28 29 30 31 32 33 34 35 36 37 38 39 40 41 42 43 44 45 46 47 48 49 50 51]
4	:invoke	:broadcast	52
4	:ok	:broadcast	52
0	:invoke	:broadcast	53
0	:ok	:broadcast	53
0	:invoke	:broadcast	54
0	:ok	:broadcast	54
1	:invoke	:read	nil
1	:ok	:read	[0 1 2 3 4 5 6 7 8 9 10 11 12 13 14 15 16 17 18 19 20 21 22 23 24 25 26 27 28 29 30 31 32 33 34 35 36 37 38 39 40 41 42 43 44 45 46 47 48 49 50 51 52 53 54]
2	:invoke	:broadcast	55
2	:ok	:broadcast	55
3	:invoke	:broadcast	56
3	:ok	:broadcast	56
4	:invoke	:broadcast	57
4	:ok	:broadcast	57
0	:invoke	:read	nil
0	:ok	:read	[0 1 2 3 4 5 6 7 8 9 10 11 12 13 14 15 16 17 18 19 20 21 22 23 24 25 26 27 28 29 30 31 32 33 34 35 36 37 38 39 40 41 42 43 44 45 46 47 48 49 50 51 52 53 54 55 56 57]
0	:invoke	:read	nil
0	:ok	:read	[0 1 2 3 4 5 6 7 8 9 10 11 12 13 14 15 16 17 18 19 20 21 22 23 24 25 26 27 28 29 30 31 32 33 34 35 36 37 38 39 40 41 42 43 44 45 46 47 48 49 50 51 52 53 54 55 56 57]
1	:invoke	:broadcast	58
1	:ok	:broadcast	58
2	:invoke	:read	nil
2	:ok	:read	[0 1 2 3 4 5 6 7 8 9 10 11 12 13 14 15 16 17 18 19 20 21 22 23 24 25 26 27 28 29 30 31 32 33 34 35 36 37 38 39 40 41 42 43 44 45 46 47 48 49 50 51 52 53 54 55 56 57 58]
3	:invoke	:read	nil
3	:ok	:read	[0 1 2 3 4 5 6 7 8 9 10 11 12 13 14 15 16 17 18 19 20 21 22 23 24 25 26 27 28 29 30 31 32 33 34 35 36 37 38 39 40 41 42 43 44 45 46 47 48 49 50 51 52 53 54 55 56 57 58]
4	:invoke	:broadcast	59
4	:ok	:broadcast	59
0	:invoke	:broadcast	60
0	:ok	:broadcast	60
0	:invoke	:broadcast	61
0	:ok	:broadcast	61
1	:invoke	:broadcast	62
1	:ok	:broadcast	62
2	:invoke	:read	nil
2	:ok	:read	[0 1 2 3 4 5 6 7 8 9 10 11 12 13 14 15 16 17 18 19 20 21 22 23 24 25 26 27 28 29 30 31 32 33 34 35 36 37 38 39 40 41 42 43 44 45 46 47 48 49 50 51 52 53 54 55 56 57 58 59 60 61 62]
3	:invoke	:broadcast	63
3	:ok	:broadcast	63
4	:invoke	:broadcast	64
4	:ok	:broadcast	64
0	:invoke	:broadcast	65
0	:ok	:broadcast	65
0	:invoke	:broadcast	66
0	:ok	:broadcast	66
1	:invoke	:read	nil
1	:ok	:read	[0 1 2 3 4 5 6 7 8 9 10 11 12 13 14 15 16 17 18 19 20 21 22 23 24 25 26 27 28 29 30 31 32 33 34 35 36 37 38 39 40 41 42 43 44 45 46 47 48 49 50 51 52 53 54 55 56 57 58 59 60 61 62 63 64 65 66]
2	:invoke	:broadcast	67
2	:ok	:broadcast	67
3	:invoke	:broadcast	68
3	:ok	:broadcast	68
4	:invoke	:read	nil
4	:ok	:read	[0 1 2 3 4 5 6 7 8 9 10 11 12 13 14 15 16 17 18 19 20 21 22 23 24 25 26 27 28 29 30 31 32 33 34 35 36 37 38 39 40 41 42 43 44 44 45 46 47 48 49 50 51 52 53 54 55 56 57 58 59 60 61 62 63 64 65 66 67 68]
0	:invoke	:broadcast	69
0	:ok	:broadcast	69
0	:invoke	:broadcast	70
0	:ok	:broadcast	70
1	:invoke	:broadcast	71
1	:ok	:broadcast	71
2	:invoke	:read	nil
2	:ok	:read	[0 1 2 3 4 5 6 7 8 9 10 11 12 13 14 15 16 17 18 19 20 21 22 23 24 25 26 27 28 29 30 31 32 33 34 35 36 37 38 39 40 41 42 43 44 45 46 47 48 49 50 51 52 53 54 55 56 57 58 59 60 61 62 63 64 65 66 67 68 69 70 71]
3	:invoke	:read	nil
3	:ok	:read	[0 1 2 3 4 5 6 7 8 9 10 11 12 13 14 15 16 17 18 19 20 21 22 23 24 25 26 27 28 29 30 31 32 33 34 35 36 37 38 39 40 41 42 43 44 45 46 47 48 49 50 51 52 53 54 55 56 57 58 59 60 61 62 63 64 65 66 67 68 69 70 71]
4	:invoke	:broadcast	72
4	:ok	:broadcast	72
0	:invoke	:read	nil
0	:ok	:read	[0 1 2 3 4 5 6 7 8 9 10 11 12 13 14 15 16 17 18 19 20 21 22 23 24 25 26 27 28 29 30 31 32 33 34 35 36 37 38 39 40 41 42 43 44 45 46 47 48 49 50 51 52 53 54 55 56 57 58 59 59 60 61 62 63 64 65 66 67 68 69 70 71 72]
0	:invoke	:read	nil
0	:ok	:read	[0 1 2 3 4 5 6 7 8 9 10 11 12 13 14 15 16 17 18 19 20 21 22 23 24 25 26 27 28 29 30 31 32 33 34 35 36 37 38 39 40 41 42 43 44 45 46 47 48 49 50 51 52 53 54 55 56 57 58 59 59 60 61 62 63 64 65 66 67 68 69 70 71 72]
1	:invoke	:broadcast	73
1	:ok	:broadcast	73
2	:invoke	:read	nil
2	:ok	:read	[0 1 2 3 4 5 6 7 8 9 10 11 12 13 14 15 16 17 18 19 20 21 22 23 24 25 26 27 28 29 30 31 32 33 34 35 36 37 38 39 40 41 42 43 44 45 46 47 48 49 50 51 52 53 54 55 56 57 58 59 60 61 62 63 64 65 66 67 68 69 70 71 72 73]
3	:invoke	:read	nil
3	:ok	:read	[0 1 2 3 4 5 6 7 8 9 10 11 12 13 14 15 16 17 18 19 20 21 22 23 24 25 26 27 28 29 30 31 32 33 34 35 36 37 38 39 40 41 42 43 44 45 46 47 48 49 50 51 52 53 54 55 56 57 58 59 60 61 62 63 64 65 66 67 68 69 70 71 72 73]
4	:invoke	:read	nil
4	:ok	:read	[0 1 2 3 4 5 6 7 8 9 10 11 12 13 14 15 16 17 18 19 20 21 22 23 24 25 26 27 28 29 30 31 32 33 34 35 36 37 38 39 40 41 42 43 44 44 45 46 47 48 49 50 51 52 53 54 55 56 57 58 59 60 61 62 63 64 65 66 67 68 69 70 71 72 73]
0	:invoke	:read	nil
0	:ok	:read	[0 1 2 3 4 5 6 7 8 9 10 11 12 13 14 15 16 17 18 19 20 21 22 23 24 25 26 27 28 29 30 31 32 33 34 35 36 37 38 39 40 41 42 43 44 45 46 47 48 49 50 51 52 53 54 55 56 57 58 59 59 60 61 62 63 64 65 66 67 68 69 70 71 72 73]
0	:invoke	:broadcast	74
0	:ok	:broadcast	74
1	:invoke	:broadcast	75
1	:ok	:broadcast	75
2	:invoke	:read	nil
2	:ok	:read	[0 1 2 3 4 5 6 7 8 9 10 11 12 13 14 15 16 17 18 19 20 21 22 23 24 25 26 27 28 29 30 31 32 33 34 35 36 37 38 39 40 41 42 43 44 45 46 47 48 49 50 51 52 53 54 55 56 57 58 59 60 61 62 63 64 65 66 67 68 69 70 71 72 73 74 75]
3	:invoke	:broadcast	76
3	:ok	:broadcast	76
4	:invoke	:read	nil
4	:ok	:read	[0 1 2 3 4 5 6 7 8 9 10 11 12 13 14 15 16 17 18 19 20 21 22 23 24 25 26 27 28 29 30 31 32 33 34 35 36 37 38 39 40 41 42 43 44 44 45 46 47 48 49 50 51 52 53 54 55 56 57 58 59 60 61 62 63 64 65 66 67 68 69 70 71 72 73 74 75 76]
0	:invoke	:read	nil
0	:ok	:read	[0 1 2 3 4 5 6 7 8 9 10 11 12 13 14 15 16 17 18 19 20 21 22 23 24 25 26 27 28 29 30 31 32 33 34 35 36 37 38 39 40 41 42 43 44 45 46 47 48 49 50 51 52 53 54 55 56 57 58 59 59 60 61 62 63 64 65 66 67 68 69 70 71 72 73 74 75 76]
0	:invoke	:broadcast	77
0	:ok	:broadcast	77
1	:invoke	:read	nil
1	:ok	:read	[0 1 2 3 4 5 6 7 8 9 10 11 12 13 14 15 16 17 18 19 20 21 22 23 24 25 26 27 28 29 30 31 32 33 34 35 36 37 38 39 40 41 42 43 44 45 46 47 48 49 50 51 52 53 54 55 56 57 58 59 60 61 62 63 64 65 66 67 68 69 70 71 72 73 74 75 76 77]
2	:invoke	:read	nil
2	:ok	:read	[0 1 2 3 4 5 6 7 8 9 10 11 12 13 14 15 16 17 18 19 20 21 22 23 24 25 26 27 28 29 30 31 32 33 34 35 36 37 38 39 40 41 42 43 44 45 46 47 48 49 50 51 52 53 54 55 56 57 58 59 60 61 62 63 64 65 66 67 68 69 70 71 72 73 74 75 76 77]
3	:invoke	:broadcast	78
3	:ok	:broadcast	78
4	:invoke	:read	nil
4	:ok	:read	[0 1 2 3 4 5 6 7 8 9 10 11 12 13 14 15 16 17 18 19 20 21 22 23 24 25 26 27 28 29 30 31 32 33 34 35 36 37 38 39 40 41 42 43 44 44 45 46 47 48 49 50 51 52 53 54 55 56 57 58 59 60 61 62 63 64 65 66 67 68 69 70 71 72 73 74 75 76 77 77 78]
0	:invoke	:broadcast	79
0	:ok	:broadcast	79
0	:invoke	:read	nil
0	:ok	:read	[0 1 2 3 4 5 6 7 8 9 10 11 12 13 14 15 16 17 18 19 20 21 22 23 24 25 26 27 28 29 30 31 32 33 34 35 36 37 38 39 40 41 42 43 44 45 46 47 48 49 50 51 52 53 54 55 56 57 58 59 59 60 61 62 63 64 65 66 67 68 69 70 71 72 73 74 75 76 77 78 79]
1	:invoke	:broadcast	80
1	:ok	:broadcast	80
2	:invoke	:read	nil
2	:ok	:read	[0 1 2 3 4 5 6 7 8 9 10 11 12 13 14 15 16 17 18 19 20 21 22 23 24 25 26 27 28 29 30 31 32 33 34 35 36 37 38 39 40 41 42 43 44 45 46 47 48 49 50 51 52 53 54 55 56 57 58 59 60 61 62 63 64 65 66 67 68 69 70 71 72 73 74 75 76 77 78 79 80]
3	:invoke	:broadcast	81
3	:ok	:broadcast	81
4	:invoke	:broadcast	82
4	:ok	:broadcast	82
0	:invoke	:broadcast	83
0	:ok	:broadcast	83
0	:invoke	:read	nil
0	:ok	:read	[0 1 2 3 4 5 6 7 8 9 10 11 12 13 14 15 16 17 18 19 20 21 22 23 24 25 26 27 28 29 30 31 32 33 34 35 36 37 38 39 40 41 42 43 44 45 46 47 48 49 50 51 52 53 54 55 56 57 58 59 59 60 61 62 63 64 65 66 67 68 69 70 71 72 73 74 75 76 77 78 79 80 81 82 83]
1	:invoke	:read	nil
1	:ok	:read	[0 1 2 3 4 5 6 7 8 9 10 11 12 13 14 15 16 17 18 19 20 21 22 23 24 25 26 27 28 29 30 31 32 33 34 35 36 37 38 39 40 41 42 43 44 45 46 47 48 49 50 51 52 53 54 55 56 57 58 59 60 61 62 63 64 65 66 67 68 69 70 71 72 73 74 75 76 77 78 79 80 81 82 83]
2	:invoke	:broadcast	84
2	:ok	:broadcast	84
3	:invoke	:broadcast	85
3	:ok	:broadcast	85
4	:invoke	:read	nil
4	:ok	:read	[0 1 2 3 4 5 6 7 8 9 10 11 12 13 14 15 16 17 18 19 20 21 22 23 24 25 26 27 28 29 30 31 32 33 34 35 36 37 38 39 40 41 42 43 44 44 45 46 47 48 49 50 51 52 53 54 55 56 57 58 59 60 61 62 63 64 65 66 67 68 69 70 71 72 73 74 75 76 77 77 78 79 80 81 82 83 84 85]
0	:invoke	:broadcast	86
0	:ok	:broadcast	86
0	:invoke	:broadcast	87
0	:ok	:broadcast	87
1	:invoke	:read	nil
1	:ok	:read	[0 1 2 3 4 5 6 7 8 9 10 11 12 13 14 15 16 17 18 19 20 21 22 23 24 25 26 27 28 29 30 31 32 33 34 35 36 37 38 39 40 41 42 43 44 45 46 47 48 49 50 51 52 53 54 55 56 57 58 59 60 61 62 63 64 65 66 67 68 69 70 71 72 73 74 75 76 77 78 79 80 81 82 83 84 85 86 87]
2	:invoke	:broadcast	88
2	:ok	:broadcast	88
3	:invoke	:read	nil
3	:ok	:read	[0 1 2 3 4 5 6 7 8 9 10 11 12 13 14 15 16 17 18 19 20 21 22 23 24 25 26 27 28 29 30 31 32 33 34 35 36 37 38 39 40 41 42 43 44 45 46 47 48 49 50 51 52 53 54 55 56 57 58 59 60 61 62 63 64 65 66 67 68 69 70 71 72 73 74 75 76 77 78 79 80 80 81 82 83 84 85 86 87 88]
4	:invoke	:broadcast	89
4	:ok	:broadcast	89
0	:invoke	:read	nil
0	:ok	:read	[0 1 2 3 4 5 6 7 8 9 10 11 12 13 14 15 16 17 18 19 20 21 22 23 24 25 26 27 28 29 30 31 32 33 34 35 36 37 38 39 40 41 42 43 44 45 46 47 48 49 50 51 52 53 54 55 56 57 58 59 59 60 61 62 63 64 65 66 67 68 69 70 71 72 73 74 75 76 77 78 79 80 81 82 83 84 85 86 87 88 89]
0	:invoke	:read	nil
0	:ok	:read	[0 1 2 3 4 5 6 7 8 9 10 11 12 13 14 15 16 17 18 19 20 21 22 23 24 25 26 27 28 29 30 31 32 33 34 35 36 37 38 39 40 41 42 43 44 45 46 47 48 49 50 51 52 53 54 55 56 57 58 59 59 60 61 62 63 64 65 66 67 68 69 70 71 72 73 74 75 76 77 78 79 80 81 82 83 84 85 86 87 88 89]
1	:invoke	:read	nil
1	:ok	:read	[0 1 2 3 4 5 6 7 8 9 10 11 12 13 14 15 16 17 18 19 20 21 22 23 24 25 26 27 28 29 30 31 32 33 34 35 36 37 38 39 40 41 42 43 44 45 46 47 48 49 50 51 52 53 54 55 56 57 58 59 60 61 62 63 64 65 66 67 68 69 70 71 72 73 74 75 76 77 78 79 80 81 82 83 84 85 86 87 88 89]
2	:invoke	:broadcast	90
2	:ok	:broadcast	90
3	:invoke	:read	nil
4	:invoke	:read	nil
3	:ok	:read	[0 1 2 3 4 5 6 7 8 9 10 11 12 13 14 15 16 17 18 19 20 21 22 23 24 25 26 27 28 29 30 31 32 33 34 35 36 37 38 39 40 41 42 43 44 45 46 47 48 49 50 51 52 53 54 55 56 57 58 59 60 61 62 63 64 65 66 67 68 69 70 71 72 73 74 75 76 77 78 79 80 80 81 82 83 84 85 86 87 88 89 90]
4	:ok	:read	[0 1 2 3 4 5 6 7 8 9 10 11 12 13 14 15 16 17 18 19 20 21 22 23 24 25 26 27 28 29 30 31 32 33 34 35 36 37 38 39 40 41 42 43 44 44 45 46 47 48 49 50 51 52 53 54 55 56 57 58 59 60 61 62 63 64 65 66 67 68 69 70 71 72 73 74 75 76 77 77 78 79 80 81 82 83 84 85 86 87 88 89 90]
0	:invoke	:read	nil
0	:ok	:read	[0 1 2 3 4 5 6 7 8 9 10 11 12 13 14 15 16 17 18 19 20 21 22 23 24 25 26 27 28 29 30 31 32 33 34 35 36 37 38 39 40 41 42 43 44 45 46 47 48 49 50 51 52 53 54 55 56 57 58 59 59 60 61 62 63 64 65 66 67 68 69 70 71 72 73 74 75 76 77 78 79 80 81 82 83 84 85 86 87 88 89 90]
0	:invoke	:read	nil
0	:ok	:read	[0 1 2 3 4 5 6 7 8 9 10 11 12 13 14 15 16 17 18 19 20 21 22 23 24 25 26 27 28 29 30 31 32 33 34 35 36 37 38 39 40 41 42 43 44 45 46 47 48 49 50 51 52 53 54 55 56 57 58 59 59 60 61 62 63 64 65 66 67 68 69 70 71 72 73 74 75 76 77 78 79 80 81 82 83 84 85 86 87 88 89 90]
1	:invoke	:broadcast	91
1	:ok	:broadcast	91
2	:invoke	:read	nil
2	:ok	:read	[0 1 2 3 4 5 6 7 8 9 10 11 12 13 14 15 16 17 18 19 20 21 22 23 24 25 26 27 28 29 30 31 32 33 34 35 36 37 38 39 40 41 42 43 44 45 46 47 48 49 50 51 52 53 54 55 56 57 58 59 60 61 62 63 64 65 66 67 68 69 70 71 72 73 74 75 76 77 78 79 80 81 82 83 84 85 86 87 88 89 90 91]
3	:invoke	:read	nil
3	:ok	:read	[0 1 2 3 4 5 6 7 8 9 10 11 12 13 14 15 16 17 18 19 20 21 22 23 24 25 26 27 28 29 30 31 32 33 34 35 36 37 38 39 40 41 42 43 44 45 46 47 48 49 50 51 52 53 54 55 56 57 58 59 60 61 62 63 64 65 66 67 68 69 70 71 72 73 74 75 76 77 78 79 80 80 81 82 83 84 85 86 87 88 89 90 91 91]
4	:invoke	:read	nil
4	:ok	:read	[0 1 2 3 4 5 6 7 8 9 10 11 12 13 14 15 16 17 18 19 20 21 22 23 24 25 26 27 28 29 30 31 32 33 34 35 36 37 38 39 40 41 42 43 44 44 45 46 47 48 49 50 51 52 53 54 55 56 57 58 59 60 61 62 63 64 65 66 67 68 69 70 71 72 73 74 75 76 77 77 78 79 80 81 82 83 84 85 86 87 88 89 90 91]
0	:invoke	:broadcast	92
0	:ok	:broadcast	92
0	:invoke	:broadcast	93
0	:ok	:broadcast	93
1	:invoke	:read	nil
1	:ok	:read	[0 1 2 3 4 5 6 7 8 9 10 11 12 13 14 15 16 17 18 19 20 21 22 23 24 25 26 27 28 29 30 31 32 33 34 35 36 37 38 39 40 41 42 43 44 45 46 47 48 49 50 51 52 53 54 55 56 57 58 59 60 61 62 63 64 65 66 67 68 69 70 71 72 73 74 75 76 77 78 79 80 81 82 83 84 85 86 87 88 89 90 91 92 93]
2	:invoke	:broadcast	94
2	:ok	:broadcast	94
3	:invoke	:read	nil
3	:ok	:read	[0 1 2 3 4 5 6 7 8 9 10 11 12 13 14 15 16 17 18 19 20 21 22 23 24 25 26 27 28 29 30 31 32 33 34 35 36 37 38 39 40 41 42 43 44 45 46 47 48 49 50 51 52 53 54 55 56 57 58 59 60 61 62 63 64 65 66 67 68 69 70 71 72 73 74 75 76 77 78 79 80 80 81 82 83 84 85 86 87 88 89 90 91 91 92 93 94]
4	:invoke	:read	nil
4	:ok	:read	[0 1 2 3 4 5 6 7 8 9 10 11 12 13 14 15 16 17 18 19 20 21 22 23 24 25 26 27 28 29 30 31 32 33 34 35 36 37 38 39 40 41 42 43 44 44 45 46 47 48 49 50 51 52 53 54 55 56 57 58 59 60 61 62 63 64 65 66 67 68 69 70 71 72 73 74 75 76 77 77 78 79 80 81 82 83 84 85 86 87 88 89 90 91 92 93 94]
0	:invoke	:broadcast	95
0	:ok	:broadcast	95
0	:invoke	:read	nil
0	:ok	:read	[0 1 2 3 4 5 6 7 8 9 10 11 12 13 14 15 16 17 18 19 20 21 22 23 24 25 26 27 28 29 30 31 32 33 34 35 36 37 38 39 40 41 42 43 44 45 46 47 48 49 50 51 52 53 54 55 56 57 58 59 59 60 61 62 63 64 65 66 67 68 69 70 71 72 73 74 75 76 77 78 79 80 81 82 83 84 85 86 87 88 89 90 91 92 93 94 95]
1	:invoke	:broadcast	96
1	:ok	:broadcast	96
2	:invoke	:broadcast	97
2	:ok	:broadcast	97
3	:invoke	:broadcast	98
3	:ok	:broadcast	98
4	:invoke	:read	nil
4	:ok	:read	[0 1 2 3 4 5 6 7 8 9 10 11 12 13 14 15 16 17 18 19 20 21 22 23 24 25 26 27 28 29 30 31 32 33 34 35 36 37 38 39 40 41 42 43 44 44 45 46 47 48 49 50 51 52 53 54 55 56 57 58 59 60 61 62 63 64 65 66 67 68 69 70 71 72 73 74 75 76 77 77 78 79 80 81 82 83 84 85 86 87 88 89 90 91 92 93 94 95 95 96 97 98]
0	:invoke	:read	nil
0	:ok	:read	[0 1 2 3 4 5 6 7 8 9 10 11 12 13 14 15 16 17 18 19 20 21 22 23 24 25 26 27 28 29 30 31 32 33 34 35 36 37 38 39 40 41 42 43 44 45 46 47 48 49 50 51 52 53 54 55 56 57 58 59 59 60 61 62 63 64 65 66 67 68 69 70 71 72 73 74 75 76 77 78 79 80 81 82 83 84 85 86 87 88 89 90 91 92 93 94 95 96 97 98]
0	:invoke	:broadcast	99
0	:ok	:broadcast	99
1	:invoke	:broadcast	100
1	:ok	:broadcast	100
2	:invoke	:broadcast	101
2	:ok	:broadcast	101
3	:invoke	:read	nil
3	:ok	:read	[0 1 2 3 4 5 6 7 8 9 10 11 12 13 14 15 16 17 18 19 20 21 22 23 24 25 26 27 28 29 30 31 32 33 34 35 36 37 38 39 40 41 42 43 44 45 46 47 48 49 50 51 52 53 54 55 56 57 58 59 60 61 62 63 64 65 66 67 68 69 70 71 72 73 74 75 76 77 78 79 80 80 81 82 83 84 85 86 87 88 89 90 91 91 92 93 94 95 96 97 98 99 100 101]
4	:invoke	:read	nil
1	:invoke	:read	nil
2	:invoke	:read	nil
0	:invoke	:read	nil
3	:invoke	:read	nil
4	:ok	:read	[0 1 2 3 4 5 6 7 8 9 10 11 12 13 14 15 16 17 18 19 20 21 22 23 24 25 26 27 28 29 30 31 32 33 34 35 36 37 38 39 40 41 42 43 44 44 45 46 47 48 49 50 51 52 53 54 55 56 57 58 59 60 61 62 63 64 65 66 67 68 69 70 71 72 73 74 75 76 77 77 78 79 80 81 82 83 84 85 86 87 88 89 90 91 92 93 94 95 95 96 97 98 99 100 101]
2	:ok	:read	[0 1 2 3 4 5 6 7 8 9 10 11 12 13 14 15 16 17 18 19 20 21 22 23 24 25 26 27 28 29 30 31 32 33 34 35 36 37 38 39 40 41 42 43 44 45 46 47 48 49 50 51 52 53 54 55 56 57 58 59 60 61 62 63 64 65 66 67 68 69 70 71 72 73 74 75 76 77 78 79 80 81 82 83 84 85 86 87 88 89 90 91 92 93 94 95 96 97 98 99 100 101]
1	:ok	:read	[0 1 2 3 4 5 6 7 8 9 10 11 12 13 14 15 16 17 18 19 20 21 22 23 24 25 26 27 28 29 30 31 32 33 34 35 36 37 38 39 40 41 42 43 44 45 46 47 48 49 50 51 52 53 54 55 56 57 58 59 60 61 62 63 64 65 66 67 68 69 70 71 72 73 74 75 76 77 78 79 80 81 82 83 84 85 86 87 88 89 90 91 92 93 94 95 96 97 98 99 100 101]
0	:ok	:read	[0 1 2 3 4 5 6 7 8 9 10 11 12 13 14 15 16 17 18 19 20 21 22 23 24 25 26 27 28 29 30 31 32 33 34 35 36 37 38 39 40 41 42 43 44 45 46 47 48 49 50 51 52 53 54 55 56 57 58 59 59 60 61 62 63 64 65 66 67 68 69 70 71 72 73 74 75 76 77 78 79 80 81 82 83 84 85 86 87 88 89 90 91 92 93 94 95 96 97 98 99 100 101]
3	:ok	:read	[0 1 2 3 4 5 6 7 8 9 10 11 12 13 14 15 16 17 18 19 20 21 22 23 24 25 26 27 28 29 30 31 32 33 34 35 36 37 38 39 40 41 42 43 44 45 46 47 48 49 50 51 52 53 54 55 56 57 58 59 60 61 62 63 64 65 66 67 68 69 70 71 72 73 74 75 76 77 78 79 80 80 81 82 83 84 85 86 87 88 89 90 91 91 92 93 94 95 96 97 98 99 100 101]
