:nemesis	:info	:start-partition	:one
1	:invoke	:read	nil
:nemesis	:info	:start-partition	[:isolated {"n0" #{"n2" "n1" "n4" "n3"}, "n2" #{"n0"}, "n1" #{"n0"}, "n4" #{"n0"}, "n3" #{"n0"}}]
1	:ok	:read	[]
2	:invoke	:broadcast	0
2	:ok	:broadcast	0
3	:invoke	:broadcast	1
3	:ok	:broadcast	1
4	:invoke	:broadcast	2
4	:ok	:broadcast	2
0	:invoke	:read	nil
0	:ok	:read	[]
0	:invoke	:broadcast	3
0	:ok	:broadcast	3
1	:invoke	:read	nil
1	:ok	:read	[0 1 2]
2	:invoke	:read	nil
2	:ok	:read	[0 1 2]
3	:invoke	:broadcast	4
3	:ok	:broadcast	4
4	:invoke	:read	nil
4	:ok	:read	[0 1 2 4]
0	:invoke	:broadcast	5
0	:ok	:broadcast	5
0	:invoke	:read	nil
0	:ok	:read	[3 5]
1	:invoke	:read	nil
1	:ok	:read	[0 1 2 4]
2	:invoke	:read	nil
2	:ok	:read	[0 1 2 4]
:nemesis	:info	:stop-partition	nil
:nemesis	:info	:stop-partition	:network-healed
4	:invoke	:read	nil
4	:ok	:read	[0 1 2 4]
0	:invoke	:broadcast	6
0	:ok	:broadcast	6
0	:invoke	:read	nil
0	:ok	:read	[3 5 6]
1	:invoke	:read	nil
1	:ok	:read	[0 1 2 4 6]
2	:invoke	:broadcast	7
2	:ok	:broadcast	7
3	:invoke	:read	nil
3	:ok	:read	[0 1 2 4 6 7]
4	:invoke	:read	nil
4	:ok	:read	[0 1 2 4 6 7]
0	:invoke	:broadcast	8
0	:ok	:broadcast	8
0	:invoke	:broadcast	9
0	:ok	:broadcast	9
1	:invoke	:read	nil
1	:ok	:read	[0 1 2 4 6 7 8 9]
2	:invoke	:broadcast	10
2	:ok	:broadcast	10
3	:invoke	:broadcast	11
3	:ok	:broadcast	11
4	:invoke	:broadcast	12
4	:ok	:broadcast	12
0	:invoke	:read	nil
0	:ok	:read	[3 5 6 7 8 9 10 11 12]
0	:invoke	:broadcast	13
1	:invoke	:broadcast	14
0	:ok	:broadcast	13
1	:ok	:broadcast	14
2	:invoke	:broadcast	15
2	:ok	:broadcast	15
3	:invoke	:broadcast	16
3	:ok	:broadcast	16
4	:invoke	:broadcast	17
4	:ok	:broadcast	17
0	:invoke	:read	nil
0	:ok	:read	[3 5 6 7 8 9 10 11 12 13 14 15 16 17]
0	:invoke	:broadcast	18
0	:ok	:broadcast	18
1	:invoke	:broadcast	19
1	:ok	:broadcast	19
2	:invoke	:read	nil
2	:ok	:read	[0 1 2 4 6 7 8 9 10 11 12 14 13 15 16 17 18 19]
3	:invoke	:broadcast	20
3	:ok	:broadcast	20
4	:invoke	:broadcast	21
4	:ok	:broadcast	21
0	:invoke	:read	nil
0	:ok	:read	[3 5 6 7 8 9 10 11 12 13 14 15 16 17 18 19 20 21]
0	:invoke	:read	nil
0	:ok	:read	[3 5 6 7 8 9 10 11 12 13 14 15 16 17 18 19 20 21]
1	:invoke	:broadcast	22
1	:ok	:broadcast	22
2	:invoke	:read	nil
2	:ok	:read	[0 1 2 4 6 7 8 9 10 11 12 14 13 15 16 17 18 19 20 21 22]
3	:invoke	:broadcast	23
3	:ok	:broadcast	23
4	:invoke	:broadcast	24
4	:ok	:broadcast	24
0	:invoke	:broadcast	25
0	:ok	:broadcast	25
0	:invoke	:broadcast	26
0	:ok	:broadcast	26
1	:invoke	:broadcast	27
1	:ok	:broadcast	27
2	:invoke	:broadcast	28
2	:ok	:broadcast	28
3	:invoke	:broadcast	29
3	:ok	:broadcast	29
4	:invoke	:broadcast	30
0	:invoke	:read	nil
4	:ok	:broadcast	30
0	:ok	:read	[3 5 6 7 8 9 10 11 12 13 14 15 16 17 18 19 20 21 22 23 24 25 26 27 28 29]
0	:invoke	:broadcast	31
0	:ok	:broadcast	31
1	:invoke	:read	nil
1	:ok	:read	[0 1 2 4 6 7 8 9 10 11 12 14 13 15 16 17 18 19 20 21 22 23 24 25 26 27 28 29 30 31]
2	:invoke	:read	nil
2	:ok	:read	[0 1 2 4 6 7 8 9 10 11 12 14 13 15 16 17 18 19 20 21 22 23 24 25 26 27 28 29 30 31]
3	:invoke	:read	nil
3	:ok	:read	[0 1 2 4 6 7 8 9 10 11 12 13 14 15 16 17 18 19 20 21 22 23 24 25 26 27 28 29 30 31]
4	:invoke	:read	nil
4	:ok	:read	[0 1 2 4 6 7 8 9 10 11 12 13 14 15 16 17 18 19 20 21 22 23 24 25 26 27 28 29 30 31]
0	:invoke	:broadcast	32
0	:ok	:broadcast	32
0	:invoke	:broadcast	33
0	:ok	:broadcast	33
1	:invoke	:broadcast	34
1	:ok	:broadcast	34
2	:invoke	:read	nil
2	:ok	:read	[0 1 2 4 6 7 8 9 10 11 12 14 13 15 16 17 18 19 20 21 22 23 24 25 26 27 28 29 30 31 32 33 34]
3	:invoke	:broadcast	35
3	:ok	:broadcast	35
4	:invoke	:broadcast	36
4	:ok	:broadcast	36
0	:invoke	:read	nil
0	:ok	:read	[3 5 6 7 8 9 10 11 12 13 14 15 16 17 18 19 20 21 22 23 24 25 26 27 28 29 30 31 32 33 34 35 36]
0	:invoke	:broadcast	37
0	:ok	:broadcast	37
1	:invoke	:broadcast	38
1	:ok	:broadcast	38
2	:invoke	:broadcast	39
2	:ok	:broadcast	39
3	:invoke	:read	nil
3	:ok	:read	[0 1 2 4 6 7 8 9 10 11 12 13 14 15 16 17 18 19 20 21 22 23 24 25 26 27 28 29 30 31 32 33 34 35 36 37 38 39]
4	:invoke	:read	nil
4	:ok	:read	[0 1 2 4 6 7 8 9 10 11 12 13 14 15 16 17 18 19 20 21 22 23 24 25 26 27 28 29 30 31 32 33 34 35 36 37 38 39]
0	:invoke	:read	nil
0	:ok	:read	[3 5 6 7 8 9 10 11 12 13 14 15 16 17 18 19 20 21 22 23 24 25 26 27 28 29 30 31 32 33 34 35 36 37 38 39]
0	:invoke	:read	nil
0	:ok	:read	[3 5 6 7 8 9 10 11 12 13 14 15 16 17 18 19 20 21 22 23 24 25 26 27 28 29 30 31 32 33 34 35 36 37 38 39]
1	:invoke	:read	nil
1	:ok	:read	[0 1 2 4 6 7 8 9 10 11 12 14 13 15 16 17 18 19 20 21 22 23 24 25 26 27 28 29 30 31 32 33 34 35 36 37 38 39]
2	:invoke	:broadcast	40
2	:ok	:broadcast	40
3	:invoke	:read	nil
3	:ok	:read	[0 1 2 4 6 7 8 9 10 11 12 13 14 15 16 17 18 19 20 21 22 23 24 25 26 27 28 29 30 31 32 33 34 35 36 37 38 39 40]
4	:invoke	:read	nil
4	:ok	:read	[0 1 2 4 6 7 8 9 10 11 12 13 14 15 16 17 18 19 20 21 22 23 24 25 26 27 28 29 30 31 32 33 34 35 36 37 38 39 40]
0	:invoke	:broadcast	41
0	:ok	:broadcast	41
0	:invoke	:read	nil
0	:ok	:read	[3 5 6 7 8 9 10 11 12 13 14 15 16 17 18 19 20 21 22 23 24 25 26 27 28 29 30 31 32 33 34 35 36 37 38 39 40 41]
1	:invoke	:read	nil
1	:ok	:read	[0 1 2 4 6 7 8 9 10 11 12 14 13 15 16 17 18 19 20 21 22 23 24 25 26 27 28 29 30 31 32 33 34 35 36 37 38 39 40 41]
2	:invoke	:broadcast	42
2	:ok	:broadcast	42
:nemesis	:info	:start-partition	:one
:nemesis	:info	:start-partition	[:isolated {"n4" #{"n2" "n1" "n0" "n3"}, "n2" #{"n4"}, "n1" #{"n4"}, "n0" #{"n4"}, "n3" #{"n4"}}]
4	:invoke	:broadcast	43
4	:ok	:broadcast	43
0	:invoke	:read	nil
0	:ok	:read	[3 5 6 7 8 9 10 11 12 13 14 15 16 17 18 19 20 21 22 23 24 25 26 27 28 29 30 31 32 33 34 35 36 37 38 39 40 41 42]
0	:invoke	:read	nil
0	:ok	:read	[3 5 6 7 8 9 10 11 12 13 14 15 16 17 18 19 20 21 22 23 24 25 26 27 28 29 30 31 32 33 34 35 36 37 38 39 40 41 42]
1	:invoke	:broadcast	44
1	:ok	:broadcast	44
2	:invoke	:broadcast	45
2	:ok	:broadcast	45
3	:invoke	:broadcast	46
3	:ok	:broadcast	46
4	:invoke	:read	nil
4	:ok	:read	[0 1 2 4 6 7 8 9 10 11 12 13 14 15 16 17 18 19 20 21 22 23 24 25 26 27 28 29 30 31 32 33 34 35 36 37 38 39 40 41 42 43]
0	:invoke	:read	nil
0	:ok	:read	[3 5 6 7 8 9 10 11 12 13 14 15 16 17 18 19 20 21 22 23 24 25 26 27 28 29 30 31 32 33 34 35 36 37 38 39 40 41 42 44 45 46]
0	:invoke	:broadcast	47
0	:ok	:broadcast	47
1	:invoke	:read	nil
1	:ok	:read	[0 1 2 4 6 7 8 9 10 11 12 14 13 15 16 17 18 19 20 21 22 23 24 25 26 27 28 29 30 31 32 33 34 35 36 37 38 39 40 41 42 44 45 46 47]
2	:invoke	:read	nil
2	:ok	:read	[0 1 2 4 6 7 8 9 10 11 12 14 13 15 16 17 18 19 20 21 22 23 24 25 26 27 28 29 30 31 32 33 34 35 36 37 38 39 40 41 42 44 45 46 47]
3	:invoke	:broadcast	48
3	:ok	:broadcast	48
4	:invoke	:read	nil
4	:ok	:read	[0 1 2 4 6 7 8 9 10 11 12 13 14 15 16 17 18 19 20 21 22 23 24 25 26 27 28 29 30 31 32 33 34 35 36 37 38 39 40 41 42 43]
0	:invoke	:broadcast	49
0	:ok	:broadcast	49
0	:invoke	:broadcast	50
0	:ok	:broadcast	50
1	:invoke	:broadcast	51
1	:ok	:broadcast	51
2	:invoke	:read	nil
2	:ok	:read	[0 1 2 4 6 7 8 9 10 11 12 14 13 15 16 17 18 19 20 21 22 23 24 25 26 27 28 29 30 31 32 33 34 35 36 37 38 39 40 41 42 44 45 46 47 48 49 50 51]
3	:invoke	:read	nil
3	:ok	:read	[0 1 2 4 6 7 8 9 10 11 12 13 14 15 16 17 18 19 20 21 22 23 24 25 26 27 28 29 30 31 32 33 34 35 36 37 38 39 40 41 42 44 45 46 47 48 49 50 51]
4	:invoke	:broadcast	52
0	:invoke	:broadcast	53
4	:ok	:broadcast	52
0	:ok	:broadcast	53
0	:invoke	:broadcast	54
0	:ok	:broadcast	54
1	:invoke	:read	nil
1	:ok	:read	[0 1 2 4 6 7 8 9 10 11 12 14 13 15 16 17 18 19 20 21 22 23 24 25 26 27 28 29 30 31 32 33 34 35 36 37 38 39 40 41 42 44 45 46 47 48 49 50 51 53 54]
2	:invoke	:read	nil
2	:ok	:read	[0 1 2 4 6 7 8 9 10 11 12 14 13 15 16 17 18 19 20 21 22 23 24 25 26 27 28 29 30 31 32 33 34 35 36 37 38 39 40 41 42 44 45 46 47 48 49 50 51 53 54]
3	:invoke	:read	nil
3	:ok	:read	[0 1 2 4 6 7 8 9 10 11 12 13 14 15 16 17 18 19 20 21 22 23 24 25 26 27 28 29 30 31 32 33 34 35 36 37 38 39 40 41 42 44 45 46 47 48 49 50 51 53 54]
4	:invoke	:read	nil
4	:ok	:read	[0 1 2 4 6 7 8 9 10 11 12 13 14 15 16 17 18 19 20 21 22 23 24 25 26 27 28 29 30 31 32 33 34 35 36 37 38 39 40 41 42 43 52]
0	:invoke	:broadcast	55
0	:ok	:broadcast	55
0	:invoke	:read	nil
0	:ok	:read	[3 5 6 7 8 9 10 11 12 13 14 15 16 17 18 19 20 21 22 23 24 25 26 27 28 29 30 31 32 33 34 35 36 37 38 39 40 41 42 44 45 46 47 48 49 50 51 53 54 55]
1	:invoke	:read	nil
1	:ok	:read	[0 1 2 4 6 7 8 9 10 11 12 14 13 15 16 17 18 19 20 21 22 23 24 25 26 27 28 29 30 31 32 33 34 35 36 37 38 39 40 41 42 44 45 46 47 48 49 50 51 53 54 55]
2	:invoke	:broadcast	56
2	:ok	:broadcast	56
3	:invoke	:read	nil
3	:ok	:read	[0 1 2 4 6 7 8 9 10 11 12 13 14 15 16 17 18 19 20 21 22 23 24 25 26 27 28 29 30 31 32 33 34 35 36 37 38 39 40 41 42 44 45 46 47 48 49 50 51 53 54 55 56]
4	:invoke	:broadcast	57
4	:ok	:broadcast	57
0	:invoke	:broadcast	58
0	:ok	:broadcast	58
0	:invoke	:read	nil
0	:ok	:read	[3 5 6 7 8 9 10 11 12 13 14 15 16 17 18 19 20 21 22 23 24 25 26 27 28 29 30 31 32 33 34 35 36 37 38 39 40 41 42 44 45 46 47 48 49 50 51 53 54 55 56 58]
1	:invoke	:broadcast	59
1	:ok	:broadcast	59
2	:invoke	:broadcast	60
2	:ok	:broadcast	60
3	:invoke	:broadcast	61
3	:ok	:broadcast	61
4	:invoke	:read	nil
4	:ok	:read	[0 1 2 4 6 7 8 9 10 11 12 13 14 15 16 17 18 19 20 21 22 23 24 25 26 27 28 29 30 31 32 33 34 35 36 37 38 39 40 41 42 43 52 57]
0	:invoke	:read	nil
0	:ok	:read	[3 5 6 7 8 9 10 11 12 13 14 15 16 17 18 19 20 21 22 23 24 25 26 27 28 29 30 31 32 33 34 35 36 37 38 39 40 41 42 44 45 46 47 48 49 50 51 53 54 55 56 58 59 60 61]
0	:invoke	:read	nil
0	:ok	:read	[3 5 6 7 8 9 10 11 12 13 14 15 16 17 18 19 20 21 22 23 24 25 26 27 28 29 30 31 32 33 34 35 36 37 38 39 40 41 42 44 45 46 47 48 49 50 51 53 54 55 56 58 59 60 61]
1	:invoke	:broadcast	62
1	:ok	:broadcast	62
2	:invoke	:read	nil
2	:ok	:read	[0 1 2 4 6 7 8 9 10 11 12 14 13 15 16 17 18 19 20 21 22 23 24 25 26 27 28 29 30 31 32 33 34 35 36 37 38 39 40 41 42 44 45 46 47 48 49 50 51 53 54 55 56 58 59 60 61 62]
3	:invoke	:read	nil
3	:ok	:read	[0 1 2 4 6 7 8 9 10 11 12 13 14 15 16 17 18 19 20 21 22 23 24 25 26 27 28 29 30 31 32 33 34 35 36 37 38 39 40 41 42 44 45 46 47 48 49 50 51 53 54 55 56 58 59 60 61 62]
4	:invoke	:broadcast	63
4	:ok	:broadcast	63
0	:invoke	:read	nil
0	:ok	:read	[3 5 6 7 8 9 10 11 12 13 14 15 16 17 18 19 20 21 22 23 24 25 26 27 28 29 30 31 32 33 34 35 36 37 38 39 40 41 42 44 45 46 47 48 49 50 51 53 54 55 56 58 59 60 61 62]
0	:invoke	:broadcast	64
0	:ok	:broadcast	64
1	:invoke	:read	nil
1	:ok	:read	[0 1 2 4 6 7 8 9 10 11 12 14 13 15 16 17 18 19 20 21 22 23 24 25 26 27 28 29 30 31 32 33 34 35 36 37 38 39 40 41 42 44 45 46 47 48 49 50 51 53 54 55 56 58 59 60 61 62 64]
2	:invoke	:broadcast	65
2	:ok	:broadcast	65
3	:invoke	:read	nil
3	:ok	:read	[0 1 2 4 6 7 8 9 10 11 12 13 14 15 16 17 18 19 20 21 22 23 24 25 26 27 28 29 30 31 32 33 34 35 36 37 38 39 40 41 42 44 45 46 47 48 49 50 51 53 54 55 56 58 59 60 61 62 64 65]
4	:invoke	:read	nil
4	:ok	:read	[0 1 2 4 6 7 8 9 10 11 12 13 14 15 16 17 18 19 20 21 22 23 24 25 26 27 28 29 30 31 32 33 34 35 36 37 38 39 40 41 42 43 52 57 63]
0	:invoke	:broadcast	66
0	:ok	:broadcast	66
0	:invoke	:broadcast	67
0	:ok	:broadcast	67
1	:invoke	:broadcast	68
1	:ok	:broadcast	68
2	:invoke	:broadcast	69
2	:ok	:broadcast	69
3	:invoke	:read	nil
3	:ok	:read	[0 1 2 4 6 7 8 9 10 11 12 13 14 15 16 17 18 19 20 21 22 23 24 25 26 27 28 29 30 31 32 33 34 35 36 37 38 39 40 41 42 44 45 46 47 48 49 50 51 53 54 55 56 58 59 60 61 62 64 65 66 67 68 69]
4	:invoke	:broadcast	70
4	:ok	:broadcast	70
0	:invoke	:broadcast	71
0	:ok	:broadcast	71
0	:invoke	:broadcast	72
0	:ok	:broadcast	72
1	:invoke	:broadcast	73
1	:ok	:broadcast	73
2	:invoke	:read	nil
2	:ok	:read	[0 1 2 4 6 7 8 9 10 11 12 14 13 15 16 17 18 19 20 21 22 23 24 25 26 27 28 29 30 31 32 33 34 35 36 37 38 39 40 41 42 44 45 46 47 48 49 50 51 53 54 55 56 58 59 60 61 62 64 65 66 67 68 69 71 72 73]
3	:invoke	:broadcast	74
3	:ok	:broadcast	74
4	:invoke	:broadcast	75
4	:ok	:broadcast	75
0	:invoke	:read	nil
0	:ok	:read	[3 5 6 7 8 9 10 11 12 13 14 15 16 17 18 19 20 21 22 23 24 25 26 27 28 29 30 31 32 33 34 35 36 37 38 39 40 41 42 44 45 46 47 48 49 50 51 53 54 55 56 58 59 60 61 62 64 65 66 67 68 69 71 72 73 74]
0	:invoke	:read	nil
0	:ok	:read	[3 5 6 7 8 9 10 11 12 13 14 15 16 17 18 19 20 21 22 23 24 25 26 27 28 29 30 31 32 33 34 35 36 37 38 39 40 41 42 44 45 46 47 48 49 50 51 53 54 55 56 58 59 60 61 62 64 65 66 67 68 69 71 72 73 74]
1	:invoke	:read	nil
1	:ok	:read	[0 1 2 4 6 7 8 9 10 11 12 14 13 15 16 17 18 19 20 21 22 23 24 25 26 27 28 29 30 31 32 33 34 35 36 37 38 39 40 41 42 44 45 46 47 48 49 50 51 53 54 55 56 58 59 60 61 62 64 65 66 67 68 69 71 72 73 74]
2	:invoke	:read	nil
2	:ok	:read	[0 1 2 4 6 7 8 9 10 11 12 14 13 15 16 17 18 19 20 21 22 23 24 25 26 27 28 29 30 31 32 33 34 35 36 37 38 39 40 41 42 44 45 46 47 48 49 50 51 53 54 55 56 58 59 60 61 62 64 65 66 67 68 69 71 72 73 74]
3	:invoke	:broadcast	76
3	:ok	:broadcast	76
4	:invoke	:read	nil
4	:ok	:read	[0 1 2 4 6 7 8 9 10 11 12 13 14 15 16 17 18 19 20 21 22 23 24 25 26 27 28 29 30 31 32 33 34 35 36 37 38 39 40 41 42 43 52 57 63 70 75]
0	:invoke	:read	nil
0	:ok	:read	[3 5 6 7 8 9 10 11 12 13 14 15 16 17 18 19 20 21 22 23 24 25 26 27 28 29 30 31 32 33 34 35 36 37 38 39 40 41 42 44 45 46 47 48 49 50 51 53 54 55 56 58 59 60 61 62 64 65 66 67 68 69 71 72 73 74 76]
0	:invoke	:read	nil
0	:ok	:read	[3 5 6 7 8 9 10 11 12 13 14 15 16 17 18 19 20 21 22 23 24 25 26 27 28 29 30 31 32 33 34 35 36 37 38 39 40 41 42 44 45 46 47 48 49 50 51 53 54 55 56 58 59 60 61 62 64 65 66 67 68 69 71 72 73 74 76]
1	:invoke	:read	nil
1	:ok	:read	[0 1 2 4 6 7 8 9 10 11 12 14 13 15 16 17 18 19 20 21 22 23 24 25 26 27 28 29 30 31 32 33 34 35 36 37 38 39 40 41 42 44 45 46 47 48 49 50 51 53 54 55 56 58 59 60 61 62 64 65 66 67 68 69 71 72 73 74 76]
2	:invoke	:read	nil
2	:ok	:read	[0 1 2 4 6 7 8 9 10 11 12 14 13 15 16 17 18 19 20 21 22 23 24 25 26 27 28 29 30 31 32 33 34 35 36 37 38 39 40 41 42 44 45 46 47 48 49 50 51 53 54 55 56 58 59 60 61 62 64 65 66 67 68 69 71 72 73 74 76]
3	:invoke	:read	nil
3	:ok	:read	[0 1 2 4 6 7 8 9 10 11 12 13 14 15 16 17 18 19 20 21 22 23 24 25 26 27 28 29 30 31 32 33 34 35 36 37 38 39 40 41 42 44 45 46 47 48 49 50 51 53 54 55 56 58 59 60 61 62 64 65 66 67 68 69 71 72 73 74 76]
4	:invoke	:read	nil
4	:ok	:read	[0 1 2 4 6 7 8 9 10 11 12 13 14 15 16 17 18 19 20 21 22 23 24 25 26 27 28 29 30 31 32 33 34 35 36 37 38 39 40 41 42 43 52 57 63 70 75]
0	:invoke	:read	nil
0	:ok	:read	[3 5 6 7 8 9 10 11 12 13 14 15 16 17 18 19 20 21 22 23 24 25 26 27 28 29 30 31 32 33 34 35 36 37 38 39 40 41 42 44 45 46 47 48 49 50 51 53 54 55 56 58 59 60 61 62 64 65 66 67 68 69 71 72 73 74 76]
0	:invoke	:read	nil
0	:ok	:read	[3 5 6 7 8 9 10 11 12 13 14 15 16 17 18 19 20 21 22 23 24 25 26 27 28 29 30 31 32 33 34 35 36 37 38 39 40 41 42 44 45 46 47 48 49 50 51 53 54 55 56 58 59 60 61 62 64 65 66 67 68 69 71 72 73 74 76]
1	:invoke	:broadcast	77
1	:ok	:broadcast	77
2	:invoke	:read	nil
2	:ok	:read	[0 1 2 4 6 7 8 9 10 11 12 14 13 15 16 17 18 19 20 21 22 23 24 25 26 27 28 29 30 31 32 33 34 35 36 37 38 39 40 41 42 44 45 46 47 48 49 50 51 53 54 55 56 58 59 60 61 62 64 65 66 67 68 69 71 72 73 74 76 77]
3	:invoke	:broadcast	78
3	:ok	:broadcast	78
4	:invoke	:broadcast	79
4	:ok	:broadcast	79
0	:invoke	:broadcast	80
0	:ok	:broadcast	80
0	:invoke	:read	nil
0	:ok	:read	[3 5 6 7 8 9 10 11 12 13 14 15 16 17 18 19 20 21 22 23 24 25 26 27 28 29 30 31 32 33 34 35 36 37 38 39 40 41 42 44 45 46 47 48 49 50 51 53 54 55 56 58 59 60 61 62 64 65 66 67 68 69 71 72 73 74 76 77 78 80]
1	:invoke	:read	nil
1	:ok	:read	[0 1 2 4 6 7 8 9 10 11 12 14 13 15 16 17 18 19 20 21 22 23 24 25 26 27 28 29 30 31 32 33 34 35 36 37 38 39 40 41 42 44 45 46 47 48 49 50 51 53 54 55 56 58 59 60 61 62 64 65 66 67 68 69 71 72 73 74 76 77 78 80]
2	:invoke	:read	nil
2	:ok	:read	[0 1 2 4 6 7 8 9 10 11 12 14 13 15 16 17 18 19 20 21 22 23 24 25 26 27 28 29 30 31 32 33 34 35 36 37 38 39 40 41 42 44 45 46 47 48 49 50 51 53 54 55 56 58 59 60 61 62 64 65 66 67 68 69 71 72 73 74 76 77 78 80]
3	:invoke	:read	nil
3	:ok	:read	[0 1 2 4 6 7 8 9 10 11 12 13 14 15 16 17 18 19 20 21 22 23 24 25 26 27 28 29 30 31 32 33 34 35 36 37 38 39 40 41 42 44 45 46 47 48 49 50 51 53 54 55 56 58 59 60 61 62 64 65 66 67 68 69 71 72 73 74 76 77 78 80]
4	:invoke	:read	nil
4	:ok	:read	[0 1 2 4 6 7 8 9 10 11 12 13 14 15 16 17 18 19 20 21 22 23 24 25 26 27 28 29 30 31 32 33 34 35 36 37 38 39 40 41 42 43 52 57 63 70 75 79]
0	:invoke	:read	nil
0	:ok	:read	[3 5 6 7 8 9 10 11 12 13 14 15 16 17 18 19 20 21 22 23 24 25 26 27 28 29 30 31 32 33 34 35 36 37 38 39 40 41 42 44 45 46 47 48 49 50 51 53 54 55 56 58 59 60 61 62 64 65 66 67 68 69 71 72 73 74 76 77 78 80]
0	:invoke	:broadcast	81
0	:ok	:broadcast	81
1	:invoke	:read	nil
1	:ok	:read	[0 1 2 4 6 7 8 9 10 11 12 14 13 15 16 17 18 19 20 21 22 23 24 25 26 27 28 29 30 31 32 33 34 35 36 37 38 39 40 41 42 44 45 46 47 48 49 50 51 53 54 55 56 58 59 60 61 62 64 65 66 67 68 69 71 72 73 74 76 77 78 80 81]
2	:invoke	:broadcast	82
2	:ok	:broadcast	82
3	:invoke	:read	nil
3	:ok	:read	[0 1 2 4 6 7 8 9 10 11 12 13 14 15 16 17 18 19 20 21 22 23 24 25 26 27 28 29 30 31 32 33 34 35 36 37 38 39 40 41 42 44 45 46 47 48 49 50 51 53 54 55 56 58 59 60 61 62 64 65 66 67 68 69 71 72 73 74 76 77 78 80 81 82]
4	:invoke	:read	nil
4	:ok	:read	[0 1 2 4 6 7 8 9 10 11 12 13 14 15 16 17 18 19 20 21 22 23 24 25 26 27 28 29 30 31 32 33 34 35 36 37 38 39 40 41 42 43 52 57 63 70 75 79]
0	:invoke	:read	nil
0	:ok	:read	[3 5 6 7 8 9 10 11 12 13 14 15 16 17 18 19 20 21 22 23 24 25 26 27 28 29 30 31 32 33 34 35 36 37 38 39 40 41 42 44 45 46 47 48 49 50 51 53 54 55 56 58 59 60 61 62 64 65 66 67 68 69 71 72 73 74 76 77 78 80 81 82]
0	:invoke	:read	nil
0	:ok	:read	[3 5 6 7 8 9 10 11 12 13 14 15 16 17 18 19 20 21 22 23 24 25 26 27 28 29 30 31 32 33 34 35 36 37 38 39 40 41 42 44 45 46 47 48 49 50 51 53 54 55 56 58 59 60 61 62 64 65 66 67 68 69 71 72 73 74 76 77 78 80 81 82]
1	:invoke	:read	nil
1	:ok	:read	[0 1 2 4 6 7 8 9 10 11 12 14 13 15 16 17 18 19 20 21 22 23 24 25 26 27 28 29 30 31 32 33 34 35 36 37 38 39 40 41 42 44 45 46 47 48 49 50 51 53 54 55 56 58 59 60 61 62 64 65 66 67 68 69 71 72 73 74 76 77 78 80 81 82]
2	:invoke	:read	nil
3	:invoke	:read	nil
2	:ok	:read	[0 1 2 4 6 7 8 9 10 11 12 14 13 15 16 17 18 19 20 21 22 23 24 25 26 27 28 29 30 31 32 33 34 35 36 37 38 39 40 41 42 44 45 46 47 48 49 50 51 53 54 55 56 58 59 60 61 62 64 65 66 67 68 69 71 72 73 74 76 77 78 80 81 82]
3	:ok	:read	[0 1 2 4 6 7 8 9 10 11 12 13 14 15 16 17 18 19 20 21 22 23 24 25 26 27 28 29 30 31 32 33 34 35 36 37 38 39 40 41 42 44 45 46 47 48 49 50 51 53 54 55 56 58 59 60 61 62 64 65 66 67 68 69 71 72 73 74 76 77 78 80 81 82]
4	:invoke	:broadcast	83
4	:ok	:broadcast	83
0	:invoke	:read	nil
0	:ok	:read	[3 5 6 7 8 9 10 11 12 13 14 15 16 17 18 19 20 21 22 23 24 25 26 27 28 29 30 31 32 33 34 35 36 37 38 39 40 41 42 44 45 46 47 48 49 50 51 53 54 55 56 58 59 60 61 62 64 65 66 67 68 69 71 72 73 74 76 77 78 80 81 82]
0	:invoke	:broadcast	84
0	:ok	:broadcast	84
1	:invoke	:read	nil
1	:ok	:read	[0 1 2 4 6 7 8 9 10 11 12 14 13 15 16 17 18 19 20 21 22 23 24 25 26 27 28 29 30 31 32 33 34 35 36 37 38 39 40 41 42 44 45 46 47 48 49 50 51 53 54 55 56 58 59 60 61 62 64 65 66 67 68 69 71 72 73 74 76 77 78 80 81 82 84]
2	:invoke	:read	nil
2	:ok	:read	[0 1 2 4 6 7 8 9 10 11 12 14 13 15 16 17 18 19 20 21 22 23 24 25 26 27 28 29 30 31 32 33 34 35 36 37 38 39 40 41 42 44 45 46 47 48 49 50 51 53 54 55 56 58 59 60 61 62 64 65 66 67 68 69 71 72 73 74 76 77 78 80 81 82 84]
3	:invoke	:read	nil
3	:ok	:read	[0 1 2 4 6 7 8 9 10 11 12 13 14 15 16 17 18 19 20 21 22 23 24 25 26 27 28 29 30 31 32 33 34 35 36 37 38 39 40 41 42 44 45 46 47 48 49 50 51 53 54 55 56 58 59 60 61 62 64 65 66 67 68 69 71 72 73 74 76 77 78 80 81 82 84]
4	:invoke	:broadcast	85
4	:ok	:broadcast	85
0	:invoke	:broadcast	86
0	:ok	:broadcast	86
0	:invoke	:broadcast	87
0	:ok	:broadcast	87
1	:invoke	:read	nil
1	:ok	:read	[0 1 2 4 6 7 8 9 10 11 12 14 13 15 16 17 18 19 20 21 22 23 24 25 26 27 28 29 30 31 32 33 34 35 36 37 38 39 40 41 42 44 45 46 47 48 49 50 51 53 54 55 56 58 59 60 61 62 64 65 66 67 68 69 71 72 73 74 76 77 78 80 81 82 84 86 87]
2	:invoke	:read	nil
2	:ok	:read	[0 1 2 4 6 7 8 9 10 11 12 14 13 15 16 17 18 19 20 21 22 23 24 25 26 27 28 29 30 31 32 33 34 35 36 37 38 39 40 41 42 44 45 46 47 48 49 50 51 53 54 55 56 58 59 60 61 62 64 65 66 67 68 69 71 72 73 74 76 77 78 80 81 82 84 86 87]
3	:invoke	:broadcast	88
3	:ok	:broadcast	88
4	:invoke	:read	nil
4	:ok	:read	[0 1 2 4 6 7 8 9 10 11 12 13 14 15 16 17 18 19 20 21 22 23 24 25 26 27 28 29 30 31 32 33 34 35 36 37 38 39 40 41 42 43 52 57 63 70 75 79 83 85]
0	:invoke	:read	nil
0	:ok	:read	[3 5 6 7 8 9 10 11 12 13 14 15 16 17 18 19 20 21 22 23 24 25 26 27 28 29 30 31 32 33 34 35 36 37 38 39 40 41 42 44 45 46 47 48 49 50 51 53 54 55 56 58 59 60 61 62 64 65 66 67 68 69 71 72 73 74 76 77 78 80 81 82 84 86 87 88]
0	:invoke	:read	nil
0	:ok	:read	[3 5 6 7 8 9 10 11 12 13 14 15 16 17 18 19 20 21 22 23 24 25 26 27 28 29 30 31 32 33 34 35 36 37 38 39 40 41 42 44 45 46 47 48 49 50 51 53 54 55 56 58 59 60 61 62 64 65 66 67 68 69 71 72 73 74 76 77 78 80 81 82 84 86 87 88]
1	:invoke	:read	nil
1	:ok	:read	[0 1 2 4 6 7 8 9 10 11 12 14 13 15 16 17 18 19 20 21 22 23 24 25 26 27 28 29 30 31 32 33 34 35 36 37 38 39 40 41 42 44 45 46 47 48 49 50 51 53 54 55 56 58 59 60 61 62 64 65 66 67 68 69 71 72 73 74 76 77 78 80 81 82 84 86 87 88]
2	:invoke	:read	nil
2	:ok	:read	[0 1 2 4 6 7 8 9 10 11 12 14 13 15 16 17 18 19 20 21 22 23 24 25 26 27 28 29 30 31 32 33 34 35 36 37 38 39 40 41 42 44 45 46 47 48 49 50 51 53 54 55 56 58 59 60 61 62 64 65 66 67 68 69 71 72 73 74 76 77 78 80 81 82 84 86 87 88]
3	:invoke	:read	nil
3	:ok	:read	[0 1 2 4 6 7 8 9 10 11 12 13 14 15 16 17 18 19 20 21 22 23 24 25 26 27 28 29 30 31 32 33 34 35 36 37 38 39 40 41 42 44 45 46 47 48 49 50 51 53 54 55 56 58 59 60 61 62 64 65 66 67 68 69 71 72 73 74 76 77 78 80 81 82 84 86 87 88]
4	:invoke	:broadcast	89
4	:ok	:broadcast	89
0	:invoke	:broadcast	90
0	:ok	:broadcast	90
0	:invoke	:read	nil
0	:ok	:read	[3 5 6 7 8 9 10 11 12 13 14 15 16 17 18 19 20 21 22 23 24 25 26 27 28 29 30 31 32 33 34 35 36 37 38 39 40 41 42 44 45 46 47 48 49 50 51 53 54 55 56 58 59 60 61 62 64 65 66 67 68 69 71 72 73 74 76 77 78 80 81 82 84 86 87 88 90]
1	:invoke	:broadcast	91
1	:ok	:broadcast	91
2	:invoke	:read	nil
2	:ok	:read	[0 1 2 4 6 7 8 9 10 11 12 14 13 15 16 17 18 19 20 21 22 23 24 25 26 27 28 29 30 31 32 33 34 35 36 37 38 39 40 41 42 44 45 46 47 48 49 50 51 53 54 55 56 58 59 60 61 62 64 65 66 67 68 69 71 72 73 74 76 77 78 80 81 82 84 86 87 88 90 91]
3	:invoke	:read	nil
3	:ok	:read	[0 1 2 4 6 7 8 9 10 11 12 13 14 15 16 17 18 19 20 21 22 23 24 25 26 27 28 29 30 31 32 33 34 35 36 37 38 39 40 41 42 44 45 46 47 48 49 50 51 53 54 55 56 58 59 60 61 62 64 65 66 67 68 69 71 72 73 74 76 77 78 80 81 82 84 86 87 88 90 91]
4	:invoke	:broadcast	92
4	:ok	:broadcast	92
0	:invoke	:read	nil
0	:ok	:read	[3 5 6 7 8 9 10 11 12 13 14 15 16 17 18 19 20 21 22 23 24 25 26 27 28 29 30 31 32 33 34 35 36 37 38 39 40 41 42 44 45 46 47 48 49 50 51 53 54 55 56 58 59 60 61 62 64 65 66 67 68 69 71 72 73 74 76 77 78 80 81 82 84 86 87 88 90 91]
0	:invoke	:broadcast	93
0	:ok	:broadcast	93
1	:invoke	:read	nil
1	:ok	:read	[0 1 2 4 6 7 8 9 10 11 12 14 13 15 16 17 18 19 20 21 22 23 24 25 26 27 28 29 30 31 32 33 34 35 36 37 38 39 40 41 42 44 45 46 47 48 49 50 51 53 54 55 56 58 59 60 61 62 64 65 66 67 68 69 71 72 73 74 76 77 78 80 81 82 84 86 87 88 90 91 93]
2	:invoke	:read	nil
2	:ok	:read	[0 1 2 4 6 7 8 9 10 11 12 14 13 15 16 17 18 19 20 21 22 23 24 25 26 27 28 29 30 31 32 33 34 35 36 37 38 39 40 41 42 44 45 46 47 48 49 50 51 53 54 55 56 58 59 60 61 62 64 65 66 67 68 69 71 72 73 74 76 77 78 80 81 82 84 86 87 88 90 91 93]
3	:invoke	:broadcast	94
3	:ok	:broadcast	94
4	:invoke	:read	nil
4	:ok	:read	[0 1 2 4 6 7 8 9 10 11 12 13 14 15 16 17 18 19 20 21 22 23 24 25 26 27 28 29 30 31 32 33 34 35 36 37 38 39 40 41 42 43 52 57 63 70 75 79 83 85 89 92]
0	:invoke	:broadcast	95
0	:ok	:broadcast	95
:nemesis	:info	:stop-partition	nil
:nemesis	:info	:stop-partition	:network-healed
3	:invoke	:read	nil
2	:invoke	:read	nil
0	:invoke	:read	nil
4	:invoke	:read	nil
1	:invoke	:read	nil
4	:ok	:read	[0 1 2 4 6 7 8 9 10 11 12 13 14 15 16 17 18 19 20 21 22 23 24 25 26 27 28 29 30 31 32 33 34 35 36 37 38 39 40 41 42 43 52 57 63 70 75 79 83 85 89 92]
3	:ok	:read	[0 1 2 4 6 7 8 9 10 11 12 13 14 15 16 17 18 19 20 21 22 23 24 25 26 27 28 29 30 31 32 33 34 35 36 37 38 39 40 41 42 44 45 46 47 48 49 50 51 53 54 55 56 58 59 60 61 62 64 65 66 67 68 69 71 72 73 74 76 77 78 80 81 82 84 86 87 88 90 91 93 94 95]
2	:ok	:read	[0 1 2 4 6 7 8 9 10 11 12 14 13 15 16 17 18 19 20 21 22 23 24 25 26 27 28 29 30 31 32 33 34 35 36 37 38 39 40 41 42 44 45 46 47 48 49 50 51 53 54 55 56 58 59 60 61 62 64 65 66 67 68 69 71 72 73 74 76 77 78 80 81 82 84 86 87 88 90 91 93 94 95]
0	:ok	:read	[3 5 6 7 8 9 10 11 12 13 14 15 16 17 18 19 20 21 22 23 24 25 26 27 28 29 30 31 32 33 34 35 36 37 38 39 40 41 42 44 45 46 47 48 49 50 51 53 54 55 56 58 59 60 61 62 64 65 66 67 68 69 71 72 73 74 76 77 78 80 81 82 84 86 87 88 90 91 93 94 95]
1	:ok	:read	[0 1 2 4 6 7 8 9 10 11 12 14 13 15 16 17 18 19 20 21 22 23 24 25 26 27 28 29 30 31 32 33 34 35 36 37 38 39 40 41 42 44 45 46 47 48 49 50 51 53 54 55 56 58 59 60 61 62 64 65 66 67 68 69 71 72 73 74 76 77 78 80 81 82 84 86 87 88 90 91 93 94 95]
